filename,size,compressed
materials/maps/kulcs_cs/nature/red_grass_wvt_patch.vmt,342,342
materials/maps/kulcs_cs/nature/blendsandsand008b_wvt_patch.vmt,398,398
materials/maps/kulcs_cs/nature/blendgrassgrass001a_wvt_patch.vmt,181,181
materials/maps/kulcs_cs/concrete/concretefloor028c_-2101_-2631_-584.vmt,139,139
materials/maps/kulcs_cs/metal/metalroof006a_-2101_-2631_-584.vmt,132,132
materials/maps/kulcs_cs/metal/metalroof006a_-534_1268_-529.vmt,130,130
materials/maps/kulcs_cs/tile/tilefloor013a_-534_1268_-529.vmt,129,129
materials/maps/kulcs_cs/tile/tilefloor013a_-254_884_-522.vmt,128,128
materials/maps/kulcs_cs/stone/stonestair001a_-254_884_-522.vmt,130,130
materials/maps/kulcs_cs/metal/metalcombine001_1217_2351_-272.vmt,132,132
materials/maps/kulcs_cs/building_template/building_template021f_1217_2351_-272.vmt,150,150
materials/maps/kulcs_cs/metal/metalcombine001_974_2560_-392.vmt,131,131
materials/maps/kulcs_cs/building_template/building_template003e_974_2560_-392.vmt,149,149
materials/maps/kulcs_cs/concrete/concretefloor019a_974_2560_-392.vmt,136,136
materials/maps/kulcs_cs/metal/metalroof006a_-2301_-1543_-383.vmt,132,132
materials/maps/kulcs_cs/metal/metalroof006a_-851_858_-519.vmt,129,129
materials/maps/kulcs_cs/tile/tilefloor013a_-851_858_-519.vmt,128,128
materials/maps/kulcs_cs/building_template/building_template011g_431_-2078_-134.vmt,150,150
materials/maps/kulcs_cs/concrete/concretefloor028c_759_2191_-533.vmt,136,136
materials/maps/kulcs_cs/building_template/building_template003e_759_2191_-533.vmt,149,149
materials/maps/kulcs_cs/storefront_template/storefront_template001a_1345_2815_-279.vmt,154,154
materials/maps/kulcs_cs/building_template/building_template021f_1345_2815_-279.vmt,150,150
materials/maps/kulcs_cs/concrete/concretefloor028c_1331_2115_-264.vmt,137,137
materials/maps/kulcs_cs/metal/metalroof006a_1331_2115_-264.vmt,130,130
materials/maps/kulcs_cs/building_template/building_template021f_1331_2115_-264.vmt,150,150
materials/maps/kulcs_cs/building_template/building_template011c_1331_2115_-264.vmt,150,150
materials/maps/kulcs_cs/building_template/building_template003e_333_2223_-369.vmt,149,149
materials/maps/kulcs_cs/building_template/building_template012c_333_2223_-369.vmt,149,149
materials/maps/kulcs_cs/metal/metalroof006a_333_2223_-369.vmt,129,129
materials/maps/kulcs_cs/building_template/building_template012b_333_2223_-369.vmt,149,149
materials/maps/kulcs_cs/building_template/building_template012g_333_2223_-369.vmt,149,149
materials/maps/kulcs_cs/building_template/building_template003e_511_2175_-524.vmt,149,149
materials/maps/kulcs_cs/concrete/concretefloor028c_511_2175_-524.vmt,136,136
materials/maps/kulcs_cs/stone/stonefloor006b_511_2175_-524.vmt,130,130
materials/maps/kulcs_cs/stone/stonefloor006a_-943_-1214_-324.vmt,132,132
materials/maps/kulcs_cs/concrete/concretefloor028c_-941_-3070_-40.vmt,137,137
materials/maps/kulcs_cs/building_template/building_template011c_-941_-3070_-40.vmt,150,150
materials/maps/kulcs_cs/concrete/concretefloor019a_-941_-3070_-40.vmt,137,137
materials/maps/kulcs_cs/building_template/building_template012d_-941_-3070_-40.vmt,150,150
materials/maps/kulcs_cs/storefront_template/storefront_template001a_-941_-3070_-40.vmt,154,154
materials/maps/kulcs_cs/stone/stonefloor006a_-1627_-2931_-570.vmt,133,133
materials/maps/kulcs_cs/building_template/building_template002c_-1627_-2931_-570.vmt,152,152
materials/maps/kulcs_cs/building_template/building_template012b_-1627_-2931_-570.vmt,152,152
materials/maps/kulcs_cs/concrete/concretefloor019a_-1627_-2931_-570.vmt,139,139
materials/maps/kulcs_cs/metal/metalroof006a_-1629_-2929_-277.vmt,132,132
materials/maps/kulcs_cs/building_template/building_template002b_-1629_-2929_-277.vmt,152,152
materials/maps/kulcs_cs/building_template/building_trainstation_template002b_-527_-1504_-190.vmt,164,164
materials/maps/kulcs_cs/metal/metalroof006a_-527_-1504_-190.vmt,131,131
materials/maps/kulcs_cs/building_template/building_template011g_-527_-1504_-190.vmt,151,151
materials/maps/kulcs_cs/building_template/building_template011g_-178_-1662_-122.vmt,151,151
materials/maps/kulcs_cs/metal/metalroof006a_-178_-1662_-122.vmt,131,131
materials/maps/kulcs_cs/stone/stonefloor006b_264_-1878_-500.vmt,131,131
materials/maps/kulcs_cs/building_template/building_template011c_264_-1878_-500.vmt,150,150
materials/maps/kulcs_cs/concrete/concretefloor028c_264_-1878_-500.vmt,137,137
materials/maps/kulcs_cs/building_template/building_template011c_261_-1874_-262.vmt,150,150
materials/maps/kulcs_cs/building_template/building_template011g_260_-1873_-114.vmt,150,150
materials/maps/kulcs_cs/storefront_template/storefront_template001a_429_-2077_-503.vmt,154,154
materials/maps/kulcs_cs/stone/stonefloor006b_429_-2077_-503.vmt,131,131
materials/maps/kulcs_cs/building_template/building_template011c_429_-2077_-503.vmt,150,150
materials/maps/kulcs_cs/building_template/building_template011c_428_-2075_-259.vmt,150,150
materials/maps/kulcs_cs/building_template/building_template011c_424_-2071_-384.vmt,150,150
materials/maps/kulcs_cs/metal/metalroof006a_628_-2175_-254.vmt,130,130
materials/maps/kulcs_cs/building_template/building_template021f_628_-2175_-254.vmt,150,150
materials/maps/kulcs_cs/metal/metalroof006a_744_-1736_-395.vmt,130,130
materials/maps/kulcs_cs/building_template/building_template003e_744_-1736_-395.vmt,150,150
materials/maps/kulcs_cs/concrete/concretefloor028c_749_-1742_-496.vmt,137,137
materials/maps/kulcs_cs/building_template/building_template003e_749_-1742_-496.vmt,150,150
materials/maps/kulcs_cs/building_template/building_template003e_715_-1708_-183.vmt,150,150
materials/maps/kulcs_cs/tile/tilefloor013a_296_-1289_-498.vmt,129,129
materials/maps/kulcs_cs/building_template/building_template003e_296_-1289_-498.vmt,150,150
materials/maps/kulcs_cs/building_template/building_template002b_301_-1294_-176.vmt,150,150
materials/maps/kulcs_cs/building_template/building_template003e_301_-1294_-176.vmt,150,150
materials/maps/kulcs_cs/concrete/concretefloor028c_301_-1294_-176.vmt,137,137
materials/maps/kulcs_cs/tile/tilefloor013a_-1041_2126_-511.vmt,130,130
materials/maps/kulcs_cs/concrete/concretefloor039a_-1041_2126_-511.vmt,138,138
materials/maps/kulcs_cs/metal/metalroof006a_-1301_2832_-648.vmt,131,131
materials/maps/kulcs_cs/concrete/concretefloor039a_-1301_2832_-648.vmt,138,138
materials/maps/kulcs_cs/building_template/building_trainstation_template002b_-108_1548_-200.vmt,163,163
materials/maps/kulcs_cs/building_template/building_trainstation_template002b_-108_2090_-199.vmt,163,163
materials/maps/kulcs_cs/building_template/building_trainstation_template002f_-76_1817_-292.vmt,162,162
materials/maps/kulcs_cs/building_template/building_trainstation_template002b_-108_232_-198.vmt,162,162
materials/maps/kulcs_cs/building_template/building_trainstation_template002f_-92_-39_-292.vmt,161,161
materials/maps/kulcs_cs/building_template/building_template002b_170_-839_-253.vmt,149,149
materials/maps/kulcs_cs/building_template/building_template002b_74_-487_-309.vmt,148,148
materials/maps/kulcs_cs/concrete/concretefloor028c_164_1948_-575.vmt,136,136
materials/maps/kulcs_cs/concrete/concretefloor028c_77_-252_-579.vmt,135,135
materials/maps/kulcs_cs/concrete/concretefloor028c_1023_1878_-579.vmt,137,137
materials/maps/kulcs_cs/building_template/building_template012h_170_-839_-253.vmt,149,149
materials/maps/kulcs_cs/building_template/building_template012h_77_-252_-579.vmt,148,148
materials/maps/kulcs_cs/building_template/building_template012g_170_-839_-253.vmt,149,149
materials/maps/kulcs_cs/building_template/building_template012g_77_-252_-579.vmt,148,148
materials/maps/kulcs_cs/building_template/building_template012h_186_-343_-212.vmt,149,149
materials/maps/kulcs_cs/building_template/building_template012h_298_-39_-244.vmt,148,148
materials/maps/kulcs_cs/building_template/building_template012h_843_49_-274.vmt,147,147
materials/maps/kulcs_cs/building_template/building_template012g_562_190_-575.vmt,148,148
materials/maps/kulcs_cs/building_template/building_template012g_298_-39_-244.vmt,148,148
materials/maps/kulcs_cs/building_template/building_template012g_186_-343_-212.vmt,149,149
materials/maps/kulcs_cs/storefront_template/storefront_template001a_77_-252_-579.vmt,152,152
materials/maps/kulcs_cs/storefront_template/storefront_template001a_306_-40_-586.vmt,152,152
materials/maps/kulcs_cs/storefront_template/storefront_template001a_562_190_-575.vmt,152,152
materials/maps/kulcs_cs/storefront_template/storefront_template001a_79_-765_-595.vmt,152,152
materials/maps/kulcs_cs/building_template/building_template012d_843_49_-274.vmt,147,147
materials/maps/kulcs_cs/building_template/building_template012g_843_49_-274.vmt,147,147
materials/maps/kulcs_cs/building_template/building_template012b_298_-39_-244.vmt,148,148
materials/maps/kulcs_cs/building_template/building_template012b_1406_236_-394.vmt,149,149
materials/maps/kulcs_cs/building_template/building_template012c_843_49_-274.vmt,147,147
materials/maps/kulcs_cs/building_template/building_template012b_562_190_-575.vmt,148,148
materials/maps/kulcs_cs/building_template/building_template012b_843_49_-274.vmt,147,147
materials/maps/kulcs_cs/building_template/building_template012b_867_33_-575.vmt,147,147
materials/maps/kulcs_cs/building_template/building_template012c_298_-39_-244.vmt,148,148
materials/maps/kulcs_cs/building_template/building_template012c_186_-343_-212.vmt,149,149
materials/maps/kulcs_cs/building_template/building_template012b_170_-839_-253.vmt,149,149
materials/maps/kulcs_cs/building_template/building_template012b_186_-343_-212.vmt,149,149
materials/maps/kulcs_cs/building_template/building_template012c_170_-839_-253.vmt,149,149
materials/maps/kulcs_cs/building_template/building_template012b_74_-487_-309.vmt,148,148
materials/maps/kulcs_cs/concrete/concretefloor019a_2161_919_-575.vmt,136,136
materials/maps/kulcs_cs/metal/metalroof006a_-108_-312_-191.vmt,130,130
materials/maps/kulcs_cs/metal/metalroof006a_-570_-1638_-118.vmt,131,131
materials/maps/kulcs_cs/metal/metalroof006a_170_-839_-253.vmt,129,129
materials/maps/kulcs_cs/metal/metalroof006a_-945_-688_-270.vmt,130,130
materials/maps/kulcs_cs/metal/metalroof006a_-149_888_-116.vmt,129,129
materials/maps/kulcs_cs/metal/metalroof006a_-90_838_-543.vmt,128,128
materials/maps/kulcs_cs/concrete/concretefloor019a_-90_838_-543.vmt,135,135
materials/maps/kulcs_cs/concrete/concretefloor019a_164_1948_-575.vmt,136,136
materials/maps/kulcs_cs/storefront_template/storefront_template001a_867_33_-575.vmt,151,151
materials/maps/kulcs_cs/concrete/concretefloor019a_867_33_-575.vmt,134,134
materials/maps/kulcs_cs/tile/tileroof002a_1618_-527_-309.vmt,128,128
materials/maps/kulcs_cs/tile/tileroof002a_843_49_-274.vmt,125,125
materials/maps/kulcs_cs/concrete/concretefloor028c_884_136_-575.vmt,135,135
materials/maps/kulcs_cs/concrete/concretefloor028c_784_442_-579.vmt,135,135
materials/maps/kulcs_cs/concrete/concretefloor028c_1392_223_-575.vmt,136,136
materials/maps/kulcs_cs/concrete/concretefloor028c_562_190_-575.vmt,135,135
materials/maps/kulcs_cs/building_template/building_template002b_-92_-601_-453.vmt,149,149
materials/maps/kulcs_cs/concrete/concretefloor028c_306_-40_-586.vmt,135,135
materials/maps/kulcs_cs/building_template/building_template003e_843_49_-274.vmt,147,147
materials/maps/kulcs_cs/building_template/building_template003e_1572_550_-575.vmt,149,149
materials/maps/kulcs_cs/building_template/building_template003e_1406_236_-394.vmt,149,149
materials/maps/kulcs_cs/building_template/building_template003e_77_-252_-579.vmt,148,148
materials/maps/kulcs_cs/building_template/building_template003e_884_136_-575.vmt,148,148
materials/maps/kulcs_cs/concrete/concretefloor019a_2314_1424_-302.vmt,137,137
materials/maps/kulcs_cs/building_template/building_trainstation_template002b_-108_-304_-435.vmt,163,163
materials/maps/kulcs_cs/building_template/building_trainstation_template002b_-92_-39_-292.vmt,161,161
materials/maps/kulcs_cs/building_template/building_trainstation_template002b_-108_243_-444.vmt,162,162
materials/maps/kulcs_cs/building_template/building_trainstation_template002b_-108_1549_-448.vmt,163,163
materials/maps/kulcs_cs/building_template/building_trainstation_template002b_-76_1817_-292.vmt,162,162
materials/maps/kulcs_cs/building_template/building_trainstation_template002b_-108_2094_-452.vmt,163,163
materials/maps/kulcs_cs/building_template/building_trainstation_template002b_-124_-33_-508.vmt,162,162
materials/maps/kulcs_cs/building_template/building_trainstation_template002b_-124_1821_-520.vmt,163,163
materials/maps/kulcs_cs/metal/metalroof006a_-108_1548_-200.vmt,130,130
materials/maps/kulcs_cs/metal/metalroof006a_-108_232_-198.vmt,129,129
materials/maps/kulcs_cs/storefront_template/storefront_template001c_1392_223_-575.vmt,153,153
materials/maps/kulcs_cs/storefront_template/storefront_template001c_867_33_-575.vmt,151,151
materials/maps/kulcs_cs/stone/stonefloor006a_784_442_-579.vmt,129,129
materials/maps/kulcs_cs/concrete/concretefloor028c_170_-839_-253.vmt,136,136
materials/maps/kulcs_cs/concrete/concretefloor028c_439_-1673_-595.vmt,137,137
materials/maps/kulcs_cs/concrete/concretefloor028c_736_-2025_-579.vmt,137,137
materials/maps/kulcs_cs/stone/stonefloor006b_79_-765_-595.vmt,129,129
materials/maps/kulcs_cs/stone/stonefloor006b_77_-252_-579.vmt,129,129
materials/maps/kulcs_cs/stone/stonefloor006b_439_-1673_-595.vmt,131,131
materials/maps/kulcs_cs/stone/stonefloor006b_736_-2025_-579.vmt,131,131
materials/maps/kulcs_cs/stone/stonefloor006a_282_-1287_-619.vmt,131,131
materials/maps/kulcs_cs/building_template/building_template003e_257_-1145_-399.vmt,150,150
materials/maps/kulcs_cs/building_template/building_template003e_257_-1135_-510.vmt,150,150
materials/maps/kulcs_cs/building_template/building_template011c_257_-1870_-393.vmt,150,150
materials/maps/kulcs_cs/stone/stonefloor006b_-717_-1577_-623.vmt,132,132
materials/maps/kulcs_cs/building_template/building_template003e_257_-1138_-180.vmt,150,150
materials/maps/kulcs_cs/building_template/building_template003e_170_-839_-253.vmt,149,149
materials/maps/kulcs_cs/concrete/concretefloor019a_1392_223_-575.vmt,136,136
materials/maps/kulcs_cs/concrete/concretefloor019a_1572_550_-575.vmt,136,136
materials/maps/kulcs_cs/building_template/building_template002b_-92_-1245_-300.vmt,150,150
materials/maps/kulcs_cs/building_template/courtyard_template001c_-638_-956_-315.vmt,151,151
materials/maps/kulcs_cs/building_template/building_template002b_-92_-935_-321.vmt,149,149
materials/maps/kulcs_cs/building_template/building_template002o_-92_-1245_-300.vmt,150,150
materials/maps/kulcs_cs/building_template/building_template002o_-92_-935_-321.vmt,149,149
materials/maps/kulcs_cs/stone/stonefloor006b_-717_-1097_-623.vmt,132,132
materials/maps/kulcs_cs/stone/stonefloor006a_-717_-1097_-623.vmt,132,132
materials/maps/kulcs_cs/building_template/building_template002b_-108_-768_-318.vmt,150,150
materials/maps/kulcs_cs/building_template/building_template002b_-108_-312_-191.vmt,150,150
materials/maps/kulcs_cs/building_template/building_template002o_-108_-768_-318.vmt,150,150
materials/maps/kulcs_cs/tile/tileroof002a_-2492_-895_-350.vmt,129,129
materials/maps/kulcs_cs/tile/tileroof002a_-2280_-891_-639.vmt,129,129
materials/maps/kulcs_cs/tile/tileroof002a_-1013_888_-520.vmt,128,128
materials/maps/kulcs_cs/building_template/building_template003e_-2564_-516_-332.vmt,151,151
materials/maps/kulcs_cs/building_template/building_template003e_-2492_-895_-350.vmt,151,151
materials/maps/kulcs_cs/building_template/building_template003e_-2476_-743_-535.vmt,151,151
materials/maps/kulcs_cs/building_template/building_template003e_-2564_-571_-516.vmt,151,151
materials/maps/kulcs_cs/building_template/building_template003e_-2570_-881_-639.vmt,151,151
materials/maps/kulcs_cs/stone/stonefloor006b_-2280_-891_-639.vmt,132,132
materials/maps/kulcs_cs/building_template/courtyard_template002c_-943_-1214_-324.vmt,152,152
materials/maps/kulcs_cs/concrete/concretefloor028c_-941_-2990_-319.vmt,138,138
materials/maps/kulcs_cs/concrete/concretefloor028c_-732_-2085_-623.vmt,138,138
materials/maps/kulcs_cs/concrete/concretefloor028c_627_-2175_-387.vmt,137,137
materials/maps/kulcs_cs/concrete/concretefloor028c_-688_-2990_-322.vmt,138,138
materials/maps/kulcs_cs/concrete/concretefloor028c_-1209_-2990_-333.vmt,139,139
materials/maps/kulcs_cs/building_template/courtyard_template002e_-1726_-1341_-331.vmt,153,153
materials/maps/kulcs_cs/metal/metalroof006a_77_-252_-579.vmt,128,128
materials/maps/kulcs_cs/metal/metalroof006a_-1726_-1341_-331.vmt,132,132
materials/maps/kulcs_cs/metal/metalroof006a_-2141_-1647_-335.vmt,132,132
materials/maps/kulcs_cs/metal/metalroof006a_-2492_-895_-350.vmt,131,131
materials/maps/kulcs_cs/metal/metalroof006a_-638_-1862_-123.vmt,131,131
materials/maps/kulcs_cs/metal/metalroof006a_-654_-1129_-302.vmt,131,131
materials/maps/kulcs_cs/tile/tilefloor013a_-378_491_-575.vmt,128,128
materials/maps/kulcs_cs/tile/tilefloor013a_-1013_888_-520.vmt,129,129
materials/maps/kulcs_cs/tile/tilefloor013a_-1349_-610_-387.vmt,130,130
materials/maps/kulcs_cs/tile/tilefloor013a_-828_1659_-575.vmt,129,129
materials/maps/kulcs_cs/tile/tileroof002a_-378_491_-575.vmt,127,127
materials/maps/kulcs_cs/metal/metalcombine001_736_-2025_-579.vmt,132,132
materials/maps/kulcs_cs/metal/metalcombine001_77_-252_-579.vmt,130,130
materials/maps/kulcs_cs/tile/tilefloor018a_79_-765_-595.vmt,127,127
materials/maps/kulcs_cs/plaster/plasterwall030c_-2287_-1280_-591.vmt,136,136
materials/maps/kulcs_cs/tile/tilefloor018a_-2287_-1280_-591.vmt,131,131
materials/maps/kulcs_cs/plaster/plasterwall030c_-2373_-1607_-587.vmt,136,136
materials/maps/kulcs_cs/plaster/plasterwall030c_77_-252_-579.vmt,132,132
materials/maps/kulcs_cs/concrete/concretefloor019a_-2287_-1280_-591.vmt,139,139
materials/maps/kulcs_cs/tile/tilefloor018a_-2373_-1607_-587.vmt,131,131
materials/maps/kulcs_cs/plaster/plasterwall030c_-2261_-1729_-587.vmt,136,136
materials/maps/kulcs_cs/tile/tilefloor018a_-2261_-1729_-587.vmt,131,131
materials/maps/kulcs_cs/building_template/building_template011g_-638_-2114_-118.vmt,151,151
materials/maps/kulcs_cs/building_template/building_template011g_77_-252_-579.vmt,148,148
materials/maps/kulcs_cs/metal/metalroof006a_-1349_-610_-387.vmt,131,131
materials/maps/kulcs_cs/metal/metalroof006a_-1321_2952_-639.vmt,131,131
materials/maps/kulcs_cs/building_template/courtyard_template002e_-1381_-1150_-320.vmt,153,153
materials/maps/kulcs_cs/building_template/courtyard_template002j_-1381_-1150_-320.vmt,153,153
materials/maps/kulcs_cs/building_template/courtyard_template002j_-2283_-1214_-325.vmt,153,153
materials/maps/kulcs_cs/building_template/courtyard_template002c_-2283_-1214_-325.vmt,153,153
materials/maps/kulcs_cs/building_template/courtyard_template002c_-2240_-1214_-195.vmt,153,153
materials/maps/kulcs_cs/building_template/courtyard_template002j_-1726_-1341_-331.vmt,153,153
materials/maps/kulcs_cs/building_template/building_template002o_-108_-312_-191.vmt,150,150
materials/maps/kulcs_cs/tile/tilefloor013a_-108_2090_-199.vmt,129,129
materials/maps/kulcs_cs/concrete/concretefloor028c_-1847_-881_-639.vmt,138,138
materials/maps/kulcs_cs/concrete/concretefloor028c_-1509_-887_-639.vmt,138,138
materials/maps/kulcs_cs/concrete/concretefloor028c_-1020_-881_-623.vmt,138,138
materials/maps/kulcs_cs/stone/stonefloor006b_-1726_-1341_-331.vmt,133,133
materials/maps/kulcs_cs/stone/stonefloor006b_-1847_-881_-639.vmt,132,132
materials/maps/kulcs_cs/stone/stonefloor006b_-1509_-887_-639.vmt,132,132
materials/maps/kulcs_cs/stone/stonefloor006b_-1020_-881_-623.vmt,132,132
materials/maps/kulcs_cs/stone/stonefloor006b_-2476_-743_-535.vmt,132,132
materials/maps/kulcs_cs/stone/stonefloor006b_-1349_-610_-387.vmt,132,132
materials/maps/kulcs_cs/stone/stonefloor006a_-732_-2085_-623.vmt,132,132
materials/maps/kulcs_cs/stone/stonefloor006b_-732_-2085_-623.vmt,132,132
materials/maps/kulcs_cs/metal/metalcombine001_2191_801_-208.vmt,131,131
materials/maps/kulcs_cs/metal/metalcombine001_1942_1154_-579.vmt,132,132
materials/maps/kulcs_cs/metal/metalcombine001_2161_919_-575.vmt,131,131
materials/maps/kulcs_cs/metal/metalcombine001_2000_928_-523.vmt,131,131
materials/maps/kulcs_cs/stone/stonestair001a_-108_1549_-448.vmt,131,131
materials/maps/kulcs_cs/stone/stonestair001a_191_908_-575.vmt,129,129
materials/maps/kulcs_cs/stone/stonestair001a_-108_243_-444.vmt,130,130
materials/maps/kulcs_cs/tile/tileroof002a_-108_243_-444.vmt,127,127
materials/maps/kulcs_cs/tile/tileroof002a_-875_1219_-575.vmt,128,128
materials/maps/kulcs_cs/stone/stonefloor006b_1255_1930_-575.vmt,131,131
materials/maps/kulcs_cs/stone/stonefloor006a_1255_1930_-575.vmt,131,131
materials/maps/kulcs_cs/stone/stonefloor006b_946_1606_-575.vmt,130,130
materials/maps/kulcs_cs/concrete/concretefloor028d_946_1606_-575.vmt,136,136
materials/maps/kulcs_cs/stone/stonefloor006a_946_1606_-575.vmt,130,130
materials/maps/kulcs_cs/stone/stonefloor006b_1392_223_-575.vmt,130,130
materials/maps/kulcs_cs/stone/stonefloor006a_1392_223_-575.vmt,130,130
materials/maps/kulcs_cs/stone/stonefloor006b_784_442_-579.vmt,129,129
materials/maps/kulcs_cs/concrete/concretefloor028d_784_442_-579.vmt,135,135
materials/maps/kulcs_cs/stone/stonefloor006b_1579_1134_-598.vmt,131,131
materials/maps/kulcs_cs/stone/stonefloor006a_1579_1134_-598.vmt,131,131
materials/maps/kulcs_cs/stone/stonefloor006a_77_-252_-579.vmt,129,129
materials/maps/kulcs_cs/stone/stonefloor006b_1726_1402_-575.vmt,131,131
materials/maps/kulcs_cs/stone/stonefloor006a_1726_1402_-575.vmt,131,131
materials/maps/kulcs_cs/stone/stonefloor006b_1610_760_-575.vmt,130,130
materials/maps/kulcs_cs/concrete/concretefloor028d_912_2103_-575.vmt,136,136
materials/maps/kulcs_cs/concrete/concretefloor028c_1095_2367_-518.vmt,137,137
materials/maps/kulcs_cs/stone/stonefloor006b_440_975_-579.vmt,129,129
materials/maps/kulcs_cs/concrete/concretefloor028c_440_975_-579.vmt,135,135
materials/maps/kulcs_cs/concrete/concretefloor028c_191_908_-575.vmt,135,135
materials/maps/kulcs_cs/stone/stonefloor006a_2161_919_-575.vmt,130,130
materials/maps/kulcs_cs/stone/stonefloor006b_2314_1424_-302.vmt,131,131
materials/maps/kulcs_cs/concrete/concretefloor028c_1942_1154_-579.vmt,137,137
materials/maps/kulcs_cs/concrete/concretefloor028c_2314_1424_-302.vmt,137,137
materials/maps/kulcs_cs/concrete/concretefloor028c_2000_928_-523.vmt,136,136
materials/maps/kulcs_cs/concrete/concretefloor028c_2161_919_-575.vmt,136,136
materials/maps/kulcs_cs/stone/stonefloor006a_1023_1878_-579.vmt,131,131
materials/maps/kulcs_cs/stone/stonefloor006a_440_975_-579.vmt,129,129
materials/maps/kulcs_cs/concrete/concretefloor033y_946_1606_-575.vmt,136,136
materials/maps/kulcs_cs/stone/stonefloor006a_164_1948_-575.vmt,130,130
materials/maps/kulcs_cs/concrete/concretefloor028c_946_1606_-575.vmt,136,136
materials/maps/kulcs_cs/concrete/concretefloor028c_1258_1586_-579.vmt,137,137
materials/maps/kulcs_cs/stone/stonefloor006a_1258_1586_-579.vmt,131,131
materials/maps/kulcs_cs/stone/stonefloor006b_1258_1586_-579.vmt,131,131
materials/maps/kulcs_cs/concrete/concretefloor028d_1579_1134_-598.vmt,137,137
materials/maps/kulcs_cs/concrete/concretefloor028c_1579_1134_-598.vmt,137,137
materials/maps/kulcs_cs/concrete/concretefloor028c_1324_766_-579.vmt,136,136
materials/maps/kulcs_cs/concrete/concretefloor033y_440_975_-579.vmt,135,135
materials/maps/kulcs_cs/stone/stonefloor006a_562_190_-575.vmt,129,129
materials/maps/kulcs_cs/stone/stonefloor006b_287_145_-579.vmt,129,129
materials/maps/kulcs_cs/stone/stonefloor006b_884_136_-575.vmt,129,129
materials/maps/kulcs_cs/stone/stonefloor006a_1324_766_-579.vmt,130,130
materials/maps/kulcs_cs/stone/stonefloor006b_1324_766_-579.vmt,130,130
materials/maps/kulcs_cs/stone/stonefloor006b_2161_919_-575.vmt,130,130
materials/maps/kulcs_cs/concrete/concretefloor028c_-124_-33_-508.vmt,136,136
materials/maps/kulcs_cs/concrete/concretefloor028c_287_145_-579.vmt,135,135
materials/maps/kulcs_cs/concrete/concretefloor028c_79_-765_-595.vmt,135,135
materials/maps/kulcs_cs/concrete/concretefloor028c_1572_550_-575.vmt,136,136
materials/maps/kulcs_cs/concrete/concretefloor028d_1392_223_-575.vmt,136,136
materials/maps/kulcs_cs/concrete/concretefloor028d_1610_760_-575.vmt,136,136
materials/maps/kulcs_cs/concrete/concretefloor028d_1726_1402_-575.vmt,137,137
materials/maps/kulcs_cs/concrete/concretefloor028c_1469_1700_-575.vmt,137,137
materials/maps/kulcs_cs/stone/stonefloor006b_1469_1700_-575.vmt,131,131
materials/maps/kulcs_cs/concrete/concretefloor028d_1255_1930_-575.vmt,137,137
materials/maps/kulcs_cs/concrete/concretefloor028c_1092_2527_-576.vmt,137,137
materials/maps/kulcs_cs/stone/stonefloor006b_1290_2096_-575.vmt,131,131
materials/maps/kulcs_cs/stone/stonefloor006a_1092_2527_-576.vmt,131,131
materials/maps/kulcs_cs/stone/stonefloor006a_912_2103_-575.vmt,130,130
materials/maps/kulcs_cs/concrete/concretefloor028c_912_2103_-575.vmt,136,136
materials/maps/kulcs_cs/stone/stonefloor006b_1092_2527_-576.vmt,131,131
materials/maps/kulcs_cs/concrete/concretefloor028d_562_190_-575.vmt,135,135
materials/maps/kulcs_cs/concrete/concretefloor028c_867_33_-575.vmt,134,134
materials/maps/kulcs_cs/stone/stonefloor006a_287_145_-579.vmt,129,129
materials/maps/kulcs_cs/stone/stonefloor006a_79_-765_-595.vmt,129,129
materials/maps/kulcs_cs/building_template/building_trainstation_window002c_-149_888_-116.vmt,160,160
materials/maps/kulcs_cs/concrete/concretefloor028d_282_-1287_-619.vmt,137,137
materials/maps/kulcs_cs/concrete/concretefloor028c_129_-1378_-595.vmt,137,137
materials/maps/kulcs_cs/stone/stonefloor006b_282_-1287_-619.vmt,131,131
materials/maps/kulcs_cs/stone/stonefloor006a_439_-1673_-595.vmt,131,131
materials/maps/kulcs_cs/concrete/concretefloor033a_736_-2025_-579.vmt,137,137
materials/maps/kulcs_cs/stone/stonefloor006a_129_-1378_-595.vmt,131,131
materials/maps/kulcs_cs/concrete/concretefloor028c_-2280_-891_-639.vmt,138,138
materials/maps/kulcs_cs/concrete/concretefloor028c_-2476_-743_-535.vmt,138,138
materials/maps/kulcs_cs/tile/tilefloor018a_-2570_-881_-639.vmt,130,130
materials/maps/kulcs_cs/concrete/concretefloor028c_-2476_-1018_-540.vmt,139,139
materials/maps/kulcs_cs/building_template/building_template012b_-2476_-1018_-540.vmt,152,152
materials/maps/kulcs_cs/building_template/building_template012b_-2570_-881_-639.vmt,151,151
materials/maps/kulcs_cs/building_template/building_template012b_-2476_-743_-535.vmt,151,151
materials/maps/kulcs_cs/building_template/building_template012b_-2492_-895_-350.vmt,151,151
materials/maps/kulcs_cs/building_template/building_template012g_-2492_-895_-350.vmt,151,151
materials/maps/kulcs_cs/concrete/concretefloor033c_627_-2175_-387.vmt,137,137
materials/maps/kulcs_cs/concrete/concretefloor033c_-941_-2990_-319.vmt,138,138
materials/maps/kulcs_cs/concrete/concretefloor033k_627_-2175_-387.vmt,137,137
materials/maps/kulcs_cs/concrete/concretefloor033k_-941_-2990_-319.vmt,138,138
materials/maps/kulcs_cs/concrete/concretefloor033c_-732_-2085_-623.vmt,138,138
materials/maps/kulcs_cs/building_template/building_template012g_-941_-2990_-319.vmt,151,151
materials/maps/kulcs_cs/storefront_template/storefront_template001c_-941_-2990_-319.vmt,155,155
materials/maps/kulcs_cs/storefront_template/storefront_template001a_-1209_-2990_-333.vmt,156,156
materials/maps/kulcs_cs/storefront_template/storefront_template001a_-688_-2990_-322.vmt,155,155
materials/maps/kulcs_cs/building_template/building_template012h_-941_-2990_-319.vmt,151,151
materials/maps/kulcs_cs/building_template/building_template012d_-941_-2990_-319.vmt,151,151
materials/maps/kulcs_cs/plaster/plasterwall024b_-1298_2676_-679.vmt,135,135
materials/maps/kulcs_cs/concrete/concretefloor039a_-2564_-516_-332.vmt,138,138
materials/maps/kulcs_cs/concrete/concretefloor039a_-1125_2648_-679.vmt,138,138
materials/maps/kulcs_cs/concrete/concretefloor039a_-1321_2952_-639.vmt,138,138
materials/maps/kulcs_cs/plaster/plasterwall024b_-1125_2648_-679.vmt,135,135
materials/maps/kulcs_cs/plaster/plasterwall024b_-949_2648_-679.vmt,134,134
materials/maps/kulcs_cs/plaster/plasterwall024b_-1105_2432_-679.vmt,135,135
materials/maps/kulcs_cs/plaster/plasterwall024b_-1349_-610_-387.vmt,135,135
materials/maps/kulcs_cs/concrete/concretefloor039a_-1105_2432_-679.vmt,138,138
materials/maps/kulcs_cs/metal/metalcombine001_1095_2367_-518.vmt,132,132
materials/maps/kulcs_cs/metal/metalcombine001_1092_2527_-576.vmt,132,132
materials/maps/kulcs_cs/metal/metalcombine001_627_-2175_-387.vmt,132,132
materials/maps/kulcs_cs/nature/water_coast01_287_145_-579.vmt,152,152
materials/maps/kulcs_cs/building_template/building_template002b_2314_1424_-302.vmt,150,150
materials/maps/kulcs_cs/building_template/building_template002b_2191_801_-208.vmt,149,149
materials/maps/kulcs_cs/building_template/building_template002b_77_-252_-579.vmt,148,148
materials/maps/kulcs_cs/building_template/building_template002b_298_-39_-244.vmt,148,148
materials/maps/kulcs_cs/building_template/building_template002b_-108_2090_-199.vmt,150,150
materials/maps/kulcs_cs/building_template/building_template002b_-108_232_-198.vmt,149,149
materials/maps/kulcs_cs/building_template/building_template002b_-149_888_-116.vmt,149,149
materials/maps/kulcs_cs/building_template/building_template002b_1406_236_-394.vmt,149,149
materials/maps/kulcs_cs/building_template/building_template002b_1482_-535_-72.vmt,149,149
materials/maps/kulcs_cs/building_template/building_template002b_257_-1138_-180.vmt,150,150
materials/maps/kulcs_cs/building_template/building_template002b_843_49_-274.vmt,147,147
materials/maps/kulcs_cs/metal/metalroof006a_1618_-527_-309.vmt,130,130
materials/maps/kulcs_cs/metal/metalroof006a_736_-2025_-579.vmt,130,130
materials/maps/kulcs_cs/metal/metalroof006a_2191_801_-208.vmt,129,129
materials/maps/kulcs_cs/metal/metalroof006a_2314_1424_-302.vmt,130,130
materials/maps/kulcs_cs/metal/metalroof006a_627_-2175_-387.vmt,130,130
materials/maps/kulcs_cs/metal/metalroof006a_636_-2177_-117.vmt,130,130
materials/maps/kulcs_cs/metal/metalroof006a_1482_-535_-72.vmt,129,129
materials/maps/kulcs_cs/metal/metalroof006a_-688_-2990_-322.vmt,131,131
materials/maps/kulcs_cs/building_template/building_template002b_191_908_-575.vmt,148,148
materials/maps/kulcs_cs/building_template/building_template002b_-108_1548_-200.vmt,150,150
materials/maps/kulcs_cs/building_template/building_template002b_440_975_-579.vmt,148,148
materials/maps/kulcs_cs/building_template/building_template021f_636_-2177_-117.vmt,150,150
materials/maps/kulcs_cs/building_template/building_template021f_627_-2175_-387.vmt,150,150
materials/maps/kulcs_cs/metal/metalroof006a_-1013_888_-520.vmt,130,130
materials/maps/kulcs_cs/metal/metalroof006a_-2564_-571_-516.vmt,131,131
materials/maps/kulcs_cs/metal/metalroof006a_-2564_-516_-332.vmt,131,131
materials/maps/kulcs_cs/building_template/building_template011c_77_-252_-579.vmt,148,148
materials/maps/kulcs_cs/building_template/building_template011c_2314_1424_-302.vmt,150,150
materials/maps/kulcs_cs/building_template/building_template011c_1898_1504_-302.vmt,150,150
materials/maps/kulcs_cs/building_template/building_template012c_-108_2090_-199.vmt,150,150
materials/maps/kulcs_cs/building_template/building_template021f_1618_-527_-309.vmt,150,150
materials/maps/kulcs_cs/storefront_template/storefront_template001a_1290_2096_-575.vmt,154,154
materials/maps/kulcs_cs/building_template/building_template003e_898_2192_-408.vmt,149,149
materials/maps/kulcs_cs/metal/metalroof006a_45_-1622_-121.vmt,129,129
materials/maps/kulcs_cs/building_template/building_trainstation_window001a_-1013_888_-520.vmt,161,161
materials/maps/kulcs_cs/building_template/building_trainstation_window001a_-378_491_-575.vmt,160,160
materials/maps/kulcs_cs/building_template/building_trainstation_window001a_-149_888_-116.vmt,160,160
materials/maps/kulcs_cs/metal/metalroof006a_298_-39_-244.vmt,128,128
materials/maps/kulcs_cs/building_template/building_template002o_1675_725_-214.vmt,149,149
materials/maps/kulcs_cs/building_template/courtyard_template003c_-1116_-688_-382.vmt,152,152
materials/maps/kulcs_cs/storefront_template/storefront_template001a_1392_223_-575.vmt,153,153
materials/maps/kulcs_cs/metal/metalroof006a_-2240_-1214_-195.vmt,132,132
materials/maps/kulcs_cs/building_template/building_template002b_1675_725_-214.vmt,149,149
materials/maps/kulcs_cs/building_template/building_trainstation_window001a_-329_362_-529.vmt,160,160
materials/maps/kulcs_cs/building_template/building_trainstation_window001a_-108_243_-444.vmt,160,160
materials/maps/kulcs_cs/building_template/building_template011c_1469_1700_-575.vmt,150,150
materials/maps/kulcs_cs/building_template/building_trainstation_window001a_-875_1219_-575.vmt,161,161
materials/maps/kulcs_cs/building_template/building_template011c_1578_1728_-319.vmt,150,150
materials/maps/kulcs_cs/building_template/building_template012c_-941_-2990_-319.vmt,151,151
materials/maps/kulcs_cs/building_template/building_template012c_-1209_-2990_-333.vmt,152,152
materials/maps/kulcs_cs/building_template/building_trainstation_window001a_-828_1659_-575.vmt,161,161
materials/maps/kulcs_cs/building_template/building_trainstation_window001a_-108_1549_-448.vmt,161,161
materials/maps/kulcs_cs/building_template/building_template003e_45_-1622_-121.vmt,149,149
materials/maps/kulcs_cs/building_template/building_template012b_78_2111_-335.vmt,148,148
materials/maps/kulcs_cs/wood/woodwall023a_1392_223_-575.vmt,127,127
materials/maps/kulcs_cs/wood/woodwall023a_2000_928_-523.vmt,127,127
materials/maps/kulcs_cs/wood/woodwall023a_1610_760_-575.vmt,127,127
materials/maps/kulcs_cs/metal/metalroof006a_-92_-39_-292.vmt,128,128
materials/maps/kulcs_cs/tile/tileroof002a_522_2127_-408.vmt,127,127
materials/maps/kulcs_cs/tile/tileroof002a_-108_2090_-199.vmt,128,128
materials/maps/kulcs_cs/building_template/building_template012b_164_1948_-575.vmt,149,149
materials/maps/kulcs_cs/building_template/building_template011g_1578_1728_-319.vmt,150,150
materials/maps/kulcs_cs/stone/stonestair001a_-124_-33_-508.vmt,130,130
materials/maps/kulcs_cs/building_template/building_template003e_714_2112_-331.vmt,149,149
materials/maps/kulcs_cs/building_template/building_template021f_1482_-535_-72.vmt,149,149
materials/maps/kulcs_cs/building_template/building_template011c_1482_-535_-72.vmt,149,149
materials/maps/kulcs_cs/building_template/building_template011c_627_-2175_-387.vmt,150,150
materials/maps/kulcs_cs/building_template/building_template011c_736_-2025_-579.vmt,150,150
materials/maps/kulcs_cs/building_template/building_template012c_78_2111_-335.vmt,148,148
materials/maps/kulcs_cs/wood/wooddoor048a_-2287_-1280_-591.vmt,130,130
materials/maps/kulcs_cs/wood/wooddoor048a_-2283_-1214_-325.vmt,130,130
materials/maps/kulcs_cs/wood/wooddoor048a_77_-252_-579.vmt,126,126
materials/maps/kulcs_cs/wood/wooddoor048a_-2261_-1729_-587.vmt,130,130
materials/maps/kulcs_cs/wood/wooddoor048a_-2373_-1607_-587.vmt,130,130
materials/maps/kulcs_cs/wood/woodwall023a_2161_919_-575.vmt,127,127
materials/maps/kulcs_cs/building_template/building_template012b_-108_2094_-452.vmt,150,150
materials/maps/kulcs_cs/metal/metalroof006a_-943_-1214_-324.vmt,131,131
materials/maps/kulcs_cs/building_template/building_template012g_78_2111_-335.vmt,148,148
materials/maps/kulcs_cs/building_template/building_template011g_2314_1424_-302.vmt,150,150
materials/maps/kulcs_cs/building_template/building_template011g_1898_1504_-302.vmt,150,150
materials/maps/kulcs_cs/building_template/building_template011c_1726_1402_-575.vmt,150,150
materials/maps/kulcs_cs/stone/stonestair001a_-90_838_-543.vmt,129,129
materials/maps/kulcs_cs/building_template/building_template002b_1610_760_-575.vmt,149,149
materials/maps/kulcs_cs/building_template/building_template011g_-570_-1638_-118.vmt,151,151
materials/maps/kulcs_cs/building_template/building_template002o_-108_-1094_-336.vmt,151,151
materials/maps/kulcs_cs/building_template/building_template002o_-108_-1380_-312.vmt,151,151
materials/maps/kulcs_cs/building_template/building_template003e_522_2127_-408.vmt,149,149
materials/maps/kulcs_cs/storefront_template/storefront_template001c_74_-487_-309.vmt,152,152
materials/maps/kulcs_cs/storefront_template/storefront_template001c_77_-252_-579.vmt,152,152
materials/maps/kulcs_cs/storefront_template/storefront_template001c_306_-40_-586.vmt,152,152
materials/maps/kulcs_cs/storefront_template/storefront_template001c_79_-765_-595.vmt,152,152
materials/maps/kulcs_cs/building_template/building_template002b_-108_-1094_-336.vmt,151,151
materials/maps/kulcs_cs/building_template/building_template002b_-108_-1380_-312.vmt,151,151
materials/maps/kulcs_cs/building_template/building_template012d_186_-343_-212.vmt,149,149
materials/maps/kulcs_cs/metal/metalcombine001_898_2192_-408.vmt,131,131
materials/maps/kulcs_cs/building_template/building_template011c_47_-1622_-385.vmt,149,149
materials/maps/kulcs_cs/building_template/building_template011c_-108_-1380_-312.vmt,151,151
materials/maps/kulcs_cs/building_template/building_template011c_129_-1378_-595.vmt,150,150
materials/maps/kulcs_cs/building_template/building_template012b_-2283_-1214_-325.vmt,152,152
materials/maps/kulcs_cs/building_template/building_template011c_2161_919_-575.vmt,149,149
materials/maps/kulcs_cs/building_template/courtyard_template001d_-654_-1129_-302.vmt,152,152
materials/maps/kulcs_cs/building_template/courtyard_template001d_77_-252_-579.vmt,149,149
materials/maps/kulcs_cs/building_template/courtyard_template001d_-638_-956_-315.vmt,151,151
materials/maps/kulcs_cs/building_template/courtyard_template001d_-943_-1214_-324.vmt,152,152
materials/maps/kulcs_cs/building_template/building_template011g_715_-1708_-183.vmt,150,150
materials/maps/kulcs_cs/building_template/building_template011g_636_-2177_-117.vmt,150,150
materials/maps/kulcs_cs/building_template/building_template011g_736_-2025_-579.vmt,150,150
materials/maps/kulcs_cs/building_template/building_template011g_1482_-535_-72.vmt,149,149
materials/maps/kulcs_cs/metal/metalroof006a_-76_1817_-292.vmt,129,129
materials/maps/kulcs_cs/metal/metalroof006a_-1381_-1150_-320.vmt,132,132
materials/maps/kulcs_cs/metal/metalroof006a_-1509_-887_-639.vmt,131,131
materials/maps/kulcs_cs/metal/metalroof006a_843_49_-274.vmt,127,127
materials/maps/kulcs_cs/building_template/courtyard_template002c_-654_-1129_-302.vmt,152,152
materials/maps/kulcs_cs/concrete/concretefloor019a_-2564_-571_-516.vmt,138,138
materials/maps/kulcs_cs/metal/metalroof006a_-1209_-2990_-333.vmt,132,132
materials/maps/kulcs_cs/building_template/building_trainstation_window001a_-553_756_-511.vmt,160,160
materials/maps/kulcs_cs/metal/metalroof006a_-638_-2114_-118.vmt,131,131
materials/maps/kulcs_cs/building_template/courtyard_template003c_-1349_-610_-387.vmt,152,152
materials/maps/kulcs_cs/building_template/building_template012b_-688_-2990_-322.vmt,151,151
materials/maps/kulcs_cs/building_template/building_template012b_-941_-2990_-319.vmt,151,151
materials/maps/kulcs_cs/stone/stonestair001a_-124_1821_-520.vmt,131,131
materials/maps/kulcs_cs/tile/tileroof002a_1675_725_-214.vmt,127,127
materials/maps/kulcs_cs/building_template/building_template012b_-1209_-2990_-333.vmt,152,152
materials/maps/kulcs_cs/storefront_template/storefront_template001a_-1105_2432_-679.vmt,155,155
materials/maps/kulcs_cs/building_template/building_template012b_-570_-1638_-118.vmt,151,151
materials/maps/kulcs_cs/building_template/building_template012c_-688_-2990_-322.vmt,151,151
materials/maps/kulcs_cs/storefront_template/storefront_template001a_-732_-2085_-623.vmt,155,155
materials/maps/kulcs_cs/building_template/building_template012c_-2240_-1214_-195.vmt,152,152
materials/maps/kulcs_cs/building_template/building_template012c_-2564_-516_-332.vmt,151,151
materials/maps/kulcs_cs/metal/metalroof006a_186_-343_-212.vmt,129,129
materials/maps/kulcs_cs/metal/metalroof006a_-1116_-688_-382.vmt,131,131
materials/maps/kulcs_cs/building_template/building_template012b_-732_-2085_-623.vmt,151,151
materials/maps/kulcs_cs/building_template/building_template003e_439_-1673_-595.vmt,150,150
materials/maps/kulcs_cs/metal/metalroof006a_522_2127_-408.vmt,129,129
materials/maps/kulcs_cs/tile/tileroof002a_-2564_-516_-332.vmt,129,129
materials/maps/kulcs_cs/tile/tileroof002a_-2240_-1214_-195.vmt,130,130
materials/maps/kulcs_cs/building_template/building_template021f_-688_-2990_-322.vmt,151,151
materials/maps/kulcs_cs/tile/tileroof002a_-108_232_-198.vmt,127,127
materials/maps/kulcs_cs/tile/tileroof002a_45_-1622_-121.vmt,127,127
materials/maps/kulcs_cs/wood/woodwall023a_1572_550_-575.vmt,127,127
materials/maps/kulcs_cs/building_template/courtyard_template003c_-748_-688_-423.vmt,151,151
materials/maps/kulcs_cs/building_template/building_template011g_45_-1622_-121.vmt,149,149
materials/maps/kulcs_cs/building_template/building_template002b_2161_919_-575.vmt,149,149
materials/maps/kulcs_cs/building_template/building_template021f_-638_-2114_-118.vmt,151,151
materials/maps/kulcs_cs/building_template/building_template012g_-108_2090_-199.vmt,150,150
materials/maps/kulcs_cs/wood/wooddoor048a_-1847_-881_-639.vmt,129,129
materials/maps/kulcs_cs/building_template/building_template011c_47_-1622_-513.vmt,149,149
materials/maps/kulcs_cs/building_template/building_template012g_-2476_-1018_-540.vmt,152,152
materials/maps/kulcs_cs/building_template/building_template012g_-2476_-743_-535.vmt,151,151
materials/maps/kulcs_cs/building_template/courtyard_template002c_-1847_-881_-639.vmt,152,152
materials/maps/kulcs_cs/metal/metalroof006a_78_2111_-335.vmt,128,128
materials/maps/kulcs_cs/building_template/building_template011g_2191_801_-208.vmt,149,149
materials/maps/kulcs_cs/building_template/building_template012b_-2280_-891_-639.vmt,151,151
materials/maps/kulcs_cs/building_template/building_template012b_-2564_-516_-332.vmt,151,151
materials/maps/kulcs_cs/building_template/building_template012c_-2492_-895_-350.vmt,151,151
materials/maps/kulcs_cs/building_template/courtyard_template003c_-945_-688_-270.vmt,151,151
materials/maps/kulcs_cs/building_template/building_template011g_-108_-1380_-312.vmt,151,151
materials/maps/kulcs_cs/building_template/building_template002o_2191_801_-208.vmt,149,149
materials/maps/kulcs_cs/building_template/courtyard_template002c_-1509_-887_-639.vmt,152,152
materials/maps/kulcs_cs/building_template/building_template012b_-108_2090_-199.vmt,150,150
materials/maps/kulcs_cs/metal/metalroof006a_74_-487_-309.vmt,128,128
materials/maps/kulcs_cs/metal/metalroof006a_-638_-956_-315.vmt,130,130
materials/maps/kulcs_cs/building_template/courtyard_template003c_-943_-688_-381.vmt,151,151
materials/maps/kulcs_cs/building_template/building_template012c_-2476_-743_-535.vmt,151,151
materials/maps/kulcs_cs/building_template/building_template011c_1290_2096_-575.vmt,150,150
materials/maps/kulcs_cs/building_template/building_template002b_1572_550_-575.vmt,149,149
materials/maps/kulcs_cs/building_template/building_template003e_298_-1290_-401.vmt,150,150
materials/maps/kulcs_cs/maps/kulcs_cs/nature/water_coast01_287_145_-579_depth_96.vmt,134,134
materials/maps/kulcs_cs/cubemapdefault.vtf,28753,28753
materials/maps/kulcs_cs/c-2101_-2631_-584.vtf,28753,28753
materials/maps/kulcs_cs/c-534_1268_-529.vtf,28753,28753
materials/maps/kulcs_cs/c-254_884_-522.vtf,28753,28753
materials/maps/kulcs_cs/c1217_2351_-272.vtf,28753,28753
materials/maps/kulcs_cs/c974_2560_-392.vtf,28753,28753
materials/maps/kulcs_cs/c-2301_-1543_-383.vtf,28753,28753
materials/maps/kulcs_cs/c-851_858_-519.vtf,28753,28753
materials/maps/kulcs_cs/c431_-2078_-134.vtf,28753,28753
materials/maps/kulcs_cs/c759_2191_-533.vtf,28753,28753
materials/maps/kulcs_cs/c1345_2815_-279.vtf,28753,28753
materials/maps/kulcs_cs/c1331_2115_-264.vtf,28753,28753
materials/maps/kulcs_cs/c333_2223_-369.vtf,28753,28753
materials/maps/kulcs_cs/c511_2175_-524.vtf,28753,28753
materials/maps/kulcs_cs/c-943_-1214_-324.vtf,28753,28753
materials/maps/kulcs_cs/c-941_-3070_-40.vtf,28753,28753
materials/maps/kulcs_cs/c-1627_-2931_-570.vtf,28753,28753
materials/maps/kulcs_cs/c-1629_-2929_-277.vtf,28753,28753
materials/maps/kulcs_cs/c-527_-1504_-190.vtf,28753,28753
materials/maps/kulcs_cs/c-178_-1662_-122.vtf,28753,28753
materials/maps/kulcs_cs/c264_-1878_-500.vtf,28753,28753
materials/maps/kulcs_cs/c261_-1874_-262.vtf,28753,28753
materials/maps/kulcs_cs/c260_-1873_-114.vtf,28753,28753
materials/maps/kulcs_cs/c429_-2077_-503.vtf,28753,28753
materials/maps/kulcs_cs/c428_-2075_-259.vtf,28753,28753
materials/maps/kulcs_cs/c424_-2071_-384.vtf,28753,28753
materials/maps/kulcs_cs/c628_-2175_-254.vtf,28753,28753
materials/maps/kulcs_cs/c744_-1736_-395.vtf,28753,28753
materials/maps/kulcs_cs/c749_-1742_-496.vtf,28753,28753
materials/maps/kulcs_cs/c715_-1708_-183.vtf,28753,28753
materials/maps/kulcs_cs/c296_-1289_-498.vtf,28753,28753
materials/maps/kulcs_cs/c301_-1294_-176.vtf,28753,28753
materials/maps/kulcs_cs/c-1041_2126_-511.vtf,28753,28753
materials/maps/kulcs_cs/c-1301_2832_-648.vtf,28753,28753
materials/maps/kulcs_cs/c-108_1548_-200.vtf,28753,28753
materials/maps/kulcs_cs/c-108_2090_-199.vtf,28753,28753
materials/maps/kulcs_cs/c-76_1817_-292.vtf,28753,28753
materials/maps/kulcs_cs/c-108_232_-198.vtf,28753,28753
materials/maps/kulcs_cs/c-92_-39_-292.vtf,28753,28753
materials/maps/kulcs_cs/c170_-839_-253.vtf,28753,28753
materials/maps/kulcs_cs/c74_-487_-309.vtf,28753,28753
materials/maps/kulcs_cs/c164_1948_-575.vtf,28753,28753
materials/maps/kulcs_cs/c77_-252_-579.vtf,28753,28753
materials/maps/kulcs_cs/c1023_1878_-579.vtf,28753,28753
materials/maps/kulcs_cs/c186_-343_-212.vtf,28753,28753
materials/maps/kulcs_cs/c298_-39_-244.vtf,28753,28753
materials/maps/kulcs_cs/c843_49_-274.vtf,28753,28753
materials/maps/kulcs_cs/c562_190_-575.vtf,28753,28753
materials/maps/kulcs_cs/c306_-40_-586.vtf,28753,28753
materials/maps/kulcs_cs/c79_-765_-595.vtf,28753,28753
materials/maps/kulcs_cs/c1406_236_-394.vtf,28753,28753
materials/maps/kulcs_cs/c867_33_-575.vtf,28753,28753
materials/maps/kulcs_cs/c2161_919_-575.vtf,28753,28753
materials/maps/kulcs_cs/c-108_-312_-191.vtf,28753,28753
materials/maps/kulcs_cs/c-570_-1638_-118.vtf,28753,28753
materials/maps/kulcs_cs/c-945_-688_-270.vtf,28753,28753
materials/maps/kulcs_cs/c-149_888_-116.vtf,28753,28753
materials/maps/kulcs_cs/c-90_838_-543.vtf,28753,28753
materials/maps/kulcs_cs/c1618_-527_-309.vtf,28753,28753
materials/maps/kulcs_cs/c884_136_-575.vtf,28753,28753
materials/maps/kulcs_cs/c784_442_-579.vtf,28753,28753
materials/maps/kulcs_cs/c1392_223_-575.vtf,28753,28753
materials/maps/kulcs_cs/c-92_-601_-453.vtf,28753,28753
materials/maps/kulcs_cs/c1572_550_-575.vtf,28753,28753
materials/maps/kulcs_cs/c2314_1424_-302.vtf,28753,28753
materials/maps/kulcs_cs/c-108_-304_-435.vtf,28753,28753
materials/maps/kulcs_cs/c-108_243_-444.vtf,28753,28753
materials/maps/kulcs_cs/c-108_1549_-448.vtf,28753,28753
materials/maps/kulcs_cs/c-108_2094_-452.vtf,28753,28753
materials/maps/kulcs_cs/c-124_-33_-508.vtf,28753,28753
materials/maps/kulcs_cs/c-124_1821_-520.vtf,28753,28753
materials/maps/kulcs_cs/c439_-1673_-595.vtf,28753,28753
materials/maps/kulcs_cs/c736_-2025_-579.vtf,28753,28753
materials/maps/kulcs_cs/c282_-1287_-619.vtf,28753,28753
materials/maps/kulcs_cs/c257_-1145_-399.vtf,28753,28753
materials/maps/kulcs_cs/c257_-1135_-510.vtf,28753,28753
materials/maps/kulcs_cs/c257_-1870_-393.vtf,28753,28753
materials/maps/kulcs_cs/c-717_-1577_-623.vtf,28753,28753
materials/maps/kulcs_cs/c257_-1138_-180.vtf,28753,28753
materials/maps/kulcs_cs/c-92_-1245_-300.vtf,28753,28753
materials/maps/kulcs_cs/c-638_-956_-315.vtf,28753,28753
materials/maps/kulcs_cs/c-92_-935_-321.vtf,28753,28753
materials/maps/kulcs_cs/c-717_-1097_-623.vtf,28753,28753
materials/maps/kulcs_cs/c-108_-768_-318.vtf,28753,28753
materials/maps/kulcs_cs/c-2492_-895_-350.vtf,28753,28753
materials/maps/kulcs_cs/c-2280_-891_-639.vtf,28753,28753
materials/maps/kulcs_cs/c-1013_888_-520.vtf,28753,28753
materials/maps/kulcs_cs/c-2564_-516_-332.vtf,28753,28753
materials/maps/kulcs_cs/c-2476_-743_-535.vtf,28753,28753
materials/maps/kulcs_cs/c-2564_-571_-516.vtf,28753,28753
materials/maps/kulcs_cs/c-2570_-881_-639.vtf,28753,28753
materials/maps/kulcs_cs/c-941_-2990_-319.vtf,28753,28753
materials/maps/kulcs_cs/c-732_-2085_-623.vtf,28753,28753
materials/maps/kulcs_cs/c627_-2175_-387.vtf,28753,28753
materials/maps/kulcs_cs/c-688_-2990_-322.vtf,28753,28753
materials/maps/kulcs_cs/c-1209_-2990_-333.vtf,28753,28753
materials/maps/kulcs_cs/c-1726_-1341_-331.vtf,28753,28753
materials/maps/kulcs_cs/c-2141_-1647_-335.vtf,28753,28753
materials/maps/kulcs_cs/c-638_-1862_-123.vtf,28753,28753
materials/maps/kulcs_cs/c-654_-1129_-302.vtf,28753,28753
materials/maps/kulcs_cs/c-378_491_-575.vtf,28753,28753
materials/maps/kulcs_cs/c-1349_-610_-387.vtf,28753,28753
materials/maps/kulcs_cs/c-828_1659_-575.vtf,28753,28753
materials/maps/kulcs_cs/c-2287_-1280_-591.vtf,28753,28753
materials/maps/kulcs_cs/c-2373_-1607_-587.vtf,28753,28753
materials/maps/kulcs_cs/c-2261_-1729_-587.vtf,28753,28753
materials/maps/kulcs_cs/c-638_-2114_-118.vtf,28753,28753
materials/maps/kulcs_cs/c-1321_2952_-639.vtf,28753,28753
materials/maps/kulcs_cs/c-1381_-1150_-320.vtf,28753,28753
materials/maps/kulcs_cs/c-2283_-1214_-325.vtf,28753,28753
materials/maps/kulcs_cs/c-2240_-1214_-195.vtf,28753,28753
materials/maps/kulcs_cs/c-1847_-881_-639.vtf,28753,28753
materials/maps/kulcs_cs/c-1509_-887_-639.vtf,28753,28753
materials/maps/kulcs_cs/c-1020_-881_-623.vtf,28753,28753
materials/maps/kulcs_cs/c2191_801_-208.vtf,28753,28753
materials/maps/kulcs_cs/c1942_1154_-579.vtf,28753,28753
materials/maps/kulcs_cs/c2000_928_-523.vtf,28753,28753
materials/maps/kulcs_cs/c191_908_-575.vtf,28753,28753
materials/maps/kulcs_cs/c-875_1219_-575.vtf,28753,28753
materials/maps/kulcs_cs/c1255_1930_-575.vtf,28753,28753
materials/maps/kulcs_cs/c946_1606_-575.vtf,28753,28753
materials/maps/kulcs_cs/c1579_1134_-598.vtf,28753,28753
materials/maps/kulcs_cs/c1726_1402_-575.vtf,28753,28753
materials/maps/kulcs_cs/c1610_760_-575.vtf,28753,28753
materials/maps/kulcs_cs/c912_2103_-575.vtf,28753,28753
materials/maps/kulcs_cs/c1095_2367_-518.vtf,28753,28753
materials/maps/kulcs_cs/c440_975_-579.vtf,28753,28753
materials/maps/kulcs_cs/c1258_1586_-579.vtf,28753,28753
materials/maps/kulcs_cs/c1324_766_-579.vtf,28753,28753
materials/maps/kulcs_cs/c287_145_-579.vtf,28753,28753
materials/maps/kulcs_cs/c1469_1700_-575.vtf,28753,28753
materials/maps/kulcs_cs/c1092_2527_-576.vtf,28753,28753
materials/maps/kulcs_cs/c1290_2096_-575.vtf,28753,28753
materials/maps/kulcs_cs/c129_-1378_-595.vtf,28753,28753
materials/maps/kulcs_cs/c-2476_-1018_-540.vtf,28753,28753
materials/maps/kulcs_cs/c-1298_2676_-679.vtf,28753,28753
materials/maps/kulcs_cs/c-1125_2648_-679.vtf,28753,28753
materials/maps/kulcs_cs/c-949_2648_-679.vtf,28753,28753
materials/maps/kulcs_cs/c-1105_2432_-679.vtf,28753,28753
materials/maps/kulcs_cs/c1482_-535_-72.vtf,28753,28753
materials/maps/kulcs_cs/c636_-2177_-117.vtf,28753,28753
materials/maps/kulcs_cs/c1898_1504_-302.vtf,28753,28753
materials/maps/kulcs_cs/c898_2192_-408.vtf,28753,28753
materials/maps/kulcs_cs/c45_-1622_-121.vtf,28753,28753
materials/maps/kulcs_cs/c1675_725_-214.vtf,28753,28753
materials/maps/kulcs_cs/c-1116_-688_-382.vtf,28753,28753
materials/maps/kulcs_cs/c-329_362_-529.vtf,28753,28753
materials/maps/kulcs_cs/c1578_1728_-319.vtf,28753,28753
materials/maps/kulcs_cs/c78_2111_-335.vtf,28753,28753
materials/maps/kulcs_cs/c522_2127_-408.vtf,28753,28753
materials/maps/kulcs_cs/c714_2112_-331.vtf,28753,28753
materials/maps/kulcs_cs/c-108_-1094_-336.vtf,28753,28753
materials/maps/kulcs_cs/c-108_-1380_-312.vtf,28753,28753
materials/maps/kulcs_cs/c47_-1622_-385.vtf,28753,28753
materials/maps/kulcs_cs/c-553_756_-511.vtf,28753,28753
materials/maps/kulcs_cs/c-748_-688_-423.vtf,28753,28753
materials/maps/kulcs_cs/c47_-1622_-513.vtf,28753,28753
materials/maps/kulcs_cs/c-943_-688_-381.vtf,28753,28753
materials/maps/kulcs_cs/c298_-1290_-401.vtf,28753,28753
materials/maps/kulcs_cs/c-725_-2023_-415.vtf,28753,28753
materials/maps/kulcs_cs/c329_2285_-584.vtf,28753,28753
materials/maps/kulcs_cs/c-821_1848_-520.vtf,28753,28753
materials/maps/kulcs_cs/c-199_-1568_-623.vtf,28753,28753
materials/maps/kulcs_cs/c-478_-1579_-623.vtf,28753,28753
materials/maps/kulcs_cs/c-427_863_-575.vtf,28753,28753
materials/maps/kulcs_cs/c-383_-1488_-326.vtf,28753,28753
materials/maps/kulcs_cs/c-387_-1488_-214.vtf,28753,28753
materials/maps/kulcs_cs/c-274_-1504_-204.vtf,28753,28753
materials/maps/kulcs_cs/c46_-1622_-252.vtf,28753,28753
materials/maps/kulcs_cs/c-484_1267_-529.vtf,28753,28753
materials/maps/kulcs_cs/c1074_1144_-383.vtf,28753,28753
materials/maps/kulcs_cs/c-555_1396_-519.vtf,28753,28753
materials/maps/kulcs_cs/c-261_504_-511.vtf,28753,28753
materials/maps/kulcs_cs/c-773_2240_-517.vtf,28753,28753
materials/maps/kulcs_cs/c-753_2020_-517.vtf,28753,28753
materials/maps/kulcs_cs/c-356_1199_-575.vtf,28753,28753
materials/maps/kulcs_cs/cubemapdefault.hdr.vtf,76528,76528
materials/maps/kulcs_cs/c-2101_-2631_-584.hdr.vtf,76528,76528
materials/maps/kulcs_cs/c-534_1268_-529.hdr.vtf,76528,76528
materials/maps/kulcs_cs/c-254_884_-522.hdr.vtf,76528,76528
materials/maps/kulcs_cs/c1217_2351_-272.hdr.vtf,76528,76528
materials/maps/kulcs_cs/c974_2560_-392.hdr.vtf,76528,76528
materials/maps/kulcs_cs/c-2301_-1543_-383.hdr.vtf,76528,76528
materials/maps/kulcs_cs/c-851_858_-519.hdr.vtf,76528,76528
materials/maps/kulcs_cs/c431_-2078_-134.hdr.vtf,76528,76528
materials/maps/kulcs_cs/c759_2191_-533.hdr.vtf,76528,76528
materials/maps/kulcs_cs/c1345_2815_-279.hdr.vtf,76528,76528
materials/maps/kulcs_cs/c1331_2115_-264.hdr.vtf,76528,76528
materials/maps/kulcs_cs/c333_2223_-369.hdr.vtf,76528,76528
materials/maps/kulcs_cs/c511_2175_-524.hdr.vtf,76528,76528
materials/maps/kulcs_cs/c-943_-1214_-324.hdr.vtf,76528,76528
materials/maps/kulcs_cs/c-941_-3070_-40.hdr.vtf,76528,76528
materials/maps/kulcs_cs/c-1627_-2931_-570.hdr.vtf,76528,76528
materials/maps/kulcs_cs/c-1629_-2929_-277.hdr.vtf,76528,76528
materials/maps/kulcs_cs/c-527_-1504_-190.hdr.vtf,76528,76528
materials/maps/kulcs_cs/c-178_-1662_-122.hdr.vtf,76528,76528
materials/maps/kulcs_cs/c264_-1878_-500.hdr.vtf,76528,76528
materials/maps/kulcs_cs/c261_-1874_-262.hdr.vtf,76528,76528
materials/maps/kulcs_cs/c260_-1873_-114.hdr.vtf,76528,76528
materials/maps/kulcs_cs/c429_-2077_-503.hdr.vtf,76528,76528
materials/maps/kulcs_cs/c428_-2075_-259.hdr.vtf,76528,76528
materials/maps/kulcs_cs/c424_-2071_-384.hdr.vtf,76528,76528
materials/maps/kulcs_cs/c628_-2175_-254.hdr.vtf,76528,76528
materials/maps/kulcs_cs/c744_-1736_-395.hdr.vtf,76528,76528
materials/maps/kulcs_cs/c749_-1742_-496.hdr.vtf,76528,76528
materials/maps/kulcs_cs/c715_-1708_-183.hdr.vtf,76528,76528
materials/maps/kulcs_cs/c296_-1289_-498.hdr.vtf,76528,76528
materials/maps/kulcs_cs/c301_-1294_-176.hdr.vtf,76528,76528
materials/maps/kulcs_cs/c-1041_2126_-511.hdr.vtf,76528,76528
materials/maps/kulcs_cs/c-1301_2832_-648.hdr.vtf,76528,76528
materials/maps/kulcs_cs/c-108_1548_-200.hdr.vtf,76528,76528
materials/maps/kulcs_cs/c-108_2090_-199.hdr.vtf,76528,76528
materials/maps/kulcs_cs/c-76_1817_-292.hdr.vtf,76528,76528
materials/maps/kulcs_cs/c-108_232_-198.hdr.vtf,76528,76528
materials/maps/kulcs_cs/c-92_-39_-292.hdr.vtf,76528,76528
materials/maps/kulcs_cs/c170_-839_-253.hdr.vtf,76528,76528
materials/maps/kulcs_cs/c74_-487_-309.hdr.vtf,76528,76528
materials/maps/kulcs_cs/c164_1948_-575.hdr.vtf,76528,76528
materials/maps/kulcs_cs/c77_-252_-579.hdr.vtf,76528,76528
materials/maps/kulcs_cs/c1023_1878_-579.hdr.vtf,76528,76528
materials/maps/kulcs_cs/c186_-343_-212.hdr.vtf,76528,76528
materials/maps/kulcs_cs/c298_-39_-244.hdr.vtf,76528,76528
materials/maps/kulcs_cs/c843_49_-274.hdr.vtf,76528,76528
materials/maps/kulcs_cs/c562_190_-575.hdr.vtf,76528,76528
materials/maps/kulcs_cs/c306_-40_-586.hdr.vtf,76528,76528
materials/maps/kulcs_cs/c79_-765_-595.hdr.vtf,76528,76528
materials/maps/kulcs_cs/c1406_236_-394.hdr.vtf,76528,76528
materials/maps/kulcs_cs/c867_33_-575.hdr.vtf,76528,76528
materials/maps/kulcs_cs/c2161_919_-575.hdr.vtf,76528,76528
materials/maps/kulcs_cs/c-108_-312_-191.hdr.vtf,76528,76528
materials/maps/kulcs_cs/c-570_-1638_-118.hdr.vtf,76528,76528
materials/maps/kulcs_cs/c-945_-688_-270.hdr.vtf,76528,76528
materials/maps/kulcs_cs/c-149_888_-116.hdr.vtf,76528,76528
materials/maps/kulcs_cs/c-90_838_-543.hdr.vtf,76528,76528
materials/maps/kulcs_cs/c1618_-527_-309.hdr.vtf,76528,76528
materials/maps/kulcs_cs/c884_136_-575.hdr.vtf,76528,76528
materials/maps/kulcs_cs/c784_442_-579.hdr.vtf,76528,76528
materials/maps/kulcs_cs/c1392_223_-575.hdr.vtf,76528,76528
materials/maps/kulcs_cs/c-92_-601_-453.hdr.vtf,76528,76528
materials/maps/kulcs_cs/c1572_550_-575.hdr.vtf,76528,76528
materials/maps/kulcs_cs/c2314_1424_-302.hdr.vtf,76528,76528
materials/maps/kulcs_cs/c-108_-304_-435.hdr.vtf,76528,76528
materials/maps/kulcs_cs/c-108_243_-444.hdr.vtf,76528,76528
materials/maps/kulcs_cs/c-108_1549_-448.hdr.vtf,76528,76528
materials/maps/kulcs_cs/c-108_2094_-452.hdr.vtf,76528,76528
materials/maps/kulcs_cs/c-124_-33_-508.hdr.vtf,76528,76528
materials/maps/kulcs_cs/c-124_1821_-520.hdr.vtf,76528,76528
materials/maps/kulcs_cs/c439_-1673_-595.hdr.vtf,76528,76528
materials/maps/kulcs_cs/c736_-2025_-579.hdr.vtf,76528,76528
materials/maps/kulcs_cs/c282_-1287_-619.hdr.vtf,76528,76528
materials/maps/kulcs_cs/c257_-1145_-399.hdr.vtf,76528,76528
materials/maps/kulcs_cs/c257_-1135_-510.hdr.vtf,76528,76528
materials/maps/kulcs_cs/c257_-1870_-393.hdr.vtf,76528,76528
materials/maps/kulcs_cs/c-717_-1577_-623.hdr.vtf,76528,76528
materials/maps/kulcs_cs/c257_-1138_-180.hdr.vtf,76528,76528
materials/maps/kulcs_cs/c-92_-1245_-300.hdr.vtf,76528,76528
materials/maps/kulcs_cs/c-638_-956_-315.hdr.vtf,76528,76528
materials/maps/kulcs_cs/c-92_-935_-321.hdr.vtf,76528,76528
materials/maps/kulcs_cs/c-717_-1097_-623.hdr.vtf,76528,76528
materials/maps/kulcs_cs/c-108_-768_-318.hdr.vtf,76528,76528
materials/maps/kulcs_cs/c-2492_-895_-350.hdr.vtf,76528,76528
materials/maps/kulcs_cs/c-2280_-891_-639.hdr.vtf,76528,76528
materials/maps/kulcs_cs/c-1013_888_-520.hdr.vtf,76528,76528
materials/maps/kulcs_cs/c-2564_-516_-332.hdr.vtf,76528,76528
materials/maps/kulcs_cs/c-2476_-743_-535.hdr.vtf,76528,76528
materials/maps/kulcs_cs/c-2564_-571_-516.hdr.vtf,76528,76528
materials/maps/kulcs_cs/c-2570_-881_-639.hdr.vtf,76528,76528
materials/maps/kulcs_cs/c-941_-2990_-319.hdr.vtf,76528,76528
materials/maps/kulcs_cs/c-732_-2085_-623.hdr.vtf,76528,76528
materials/maps/kulcs_cs/c627_-2175_-387.hdr.vtf,76528,76528
materials/maps/kulcs_cs/c-688_-2990_-322.hdr.vtf,76528,76528
materials/maps/kulcs_cs/c-1209_-2990_-333.hdr.vtf,76528,76528
materials/maps/kulcs_cs/c-1726_-1341_-331.hdr.vtf,76528,76528
materials/maps/kulcs_cs/c-2141_-1647_-335.hdr.vtf,76528,76528
materials/maps/kulcs_cs/c-638_-1862_-123.hdr.vtf,76528,76528
materials/maps/kulcs_cs/c-654_-1129_-302.hdr.vtf,76528,76528
materials/maps/kulcs_cs/c-378_491_-575.hdr.vtf,76528,76528
materials/maps/kulcs_cs/c-1349_-610_-387.hdr.vtf,76528,76528
materials/maps/kulcs_cs/c-828_1659_-575.hdr.vtf,76528,76528
materials/maps/kulcs_cs/c-2287_-1280_-591.hdr.vtf,76528,76528
materials/maps/kulcs_cs/c-2373_-1607_-587.hdr.vtf,76528,76528
materials/maps/kulcs_cs/c-2261_-1729_-587.hdr.vtf,76528,76528
materials/maps/kulcs_cs/c-638_-2114_-118.hdr.vtf,76528,76528
materials/maps/kulcs_cs/c-1321_2952_-639.hdr.vtf,76528,76528
materials/maps/kulcs_cs/c-1381_-1150_-320.hdr.vtf,76528,76528
materials/maps/kulcs_cs/c-2283_-1214_-325.hdr.vtf,76528,76528
materials/maps/kulcs_cs/c-2240_-1214_-195.hdr.vtf,76528,76528
materials/maps/kulcs_cs/c-1847_-881_-639.hdr.vtf,76528,76528
materials/maps/kulcs_cs/c-1509_-887_-639.hdr.vtf,76528,76528
materials/maps/kulcs_cs/c-1020_-881_-623.hdr.vtf,76528,76528
materials/maps/kulcs_cs/c2191_801_-208.hdr.vtf,76528,76528
materials/maps/kulcs_cs/c1942_1154_-579.hdr.vtf,76528,76528
materials/maps/kulcs_cs/c2000_928_-523.hdr.vtf,76528,76528
materials/maps/kulcs_cs/c191_908_-575.hdr.vtf,76528,76528
materials/maps/kulcs_cs/c-875_1219_-575.hdr.vtf,76528,76528
materials/maps/kulcs_cs/c1255_1930_-575.hdr.vtf,76528,76528
materials/maps/kulcs_cs/c946_1606_-575.hdr.vtf,76528,76528
materials/maps/kulcs_cs/c1579_1134_-598.hdr.vtf,76528,76528
materials/maps/kulcs_cs/c1726_1402_-575.hdr.vtf,76528,76528
materials/maps/kulcs_cs/c1610_760_-575.hdr.vtf,76528,76528
materials/maps/kulcs_cs/c912_2103_-575.hdr.vtf,76528,76528
materials/maps/kulcs_cs/c1095_2367_-518.hdr.vtf,76528,76528
materials/maps/kulcs_cs/c440_975_-579.hdr.vtf,76528,76528
materials/maps/kulcs_cs/c1258_1586_-579.hdr.vtf,76528,76528
materials/maps/kulcs_cs/c1324_766_-579.hdr.vtf,76528,76528
materials/maps/kulcs_cs/c287_145_-579.hdr.vtf,76528,76528
materials/maps/kulcs_cs/c1469_1700_-575.hdr.vtf,76528,76528
materials/maps/kulcs_cs/c1092_2527_-576.hdr.vtf,76528,76528
materials/maps/kulcs_cs/c1290_2096_-575.hdr.vtf,76528,76528
materials/maps/kulcs_cs/c129_-1378_-595.hdr.vtf,76528,76528
materials/maps/kulcs_cs/c-2476_-1018_-540.hdr.vtf,76528,76528
materials/maps/kulcs_cs/c-1298_2676_-679.hdr.vtf,76528,76528
materials/maps/kulcs_cs/c-1125_2648_-679.hdr.vtf,76528,76528
materials/maps/kulcs_cs/c-949_2648_-679.hdr.vtf,76528,76528
materials/maps/kulcs_cs/c-1105_2432_-679.hdr.vtf,76528,76528
materials/maps/kulcs_cs/c1482_-535_-72.hdr.vtf,76528,76528
materials/maps/kulcs_cs/c636_-2177_-117.hdr.vtf,76528,76528
materials/maps/kulcs_cs/c1898_1504_-302.hdr.vtf,76528,76528
materials/maps/kulcs_cs/c898_2192_-408.hdr.vtf,76528,76528
materials/maps/kulcs_cs/c45_-1622_-121.hdr.vtf,76528,76528
materials/maps/kulcs_cs/c1675_725_-214.hdr.vtf,76528,76528
materials/maps/kulcs_cs/c-1116_-688_-382.hdr.vtf,76528,76528
materials/maps/kulcs_cs/c-329_362_-529.hdr.vtf,76528,76528
materials/maps/kulcs_cs/c1578_1728_-319.hdr.vtf,76528,76528
materials/maps/kulcs_cs/c78_2111_-335.hdr.vtf,76528,76528
materials/maps/kulcs_cs/c522_2127_-408.hdr.vtf,76528,76528
materials/maps/kulcs_cs/c714_2112_-331.hdr.vtf,76528,76528
materials/maps/kulcs_cs/c-108_-1094_-336.hdr.vtf,76528,76528
materials/maps/kulcs_cs/c-108_-1380_-312.hdr.vtf,76528,76528
materials/maps/kulcs_cs/c47_-1622_-385.hdr.vtf,76528,76528
materials/maps/kulcs_cs/c-553_756_-511.hdr.vtf,76528,76528
materials/maps/kulcs_cs/c-748_-688_-423.hdr.vtf,76528,76528
materials/maps/kulcs_cs/c47_-1622_-513.hdr.vtf,76528,76528
materials/maps/kulcs_cs/c-943_-688_-381.hdr.vtf,76528,76528
materials/maps/kulcs_cs/c298_-1290_-401.hdr.vtf,76528,76528
materials/maps/kulcs_cs/c-725_-2023_-415.hdr.vtf,76528,76528
materials/maps/kulcs_cs/c329_2285_-584.hdr.vtf,76528,76528
materials/maps/kulcs_cs/c-821_1848_-520.hdr.vtf,76528,76528
materials/maps/kulcs_cs/c-199_-1568_-623.hdr.vtf,76528,76528
materials/maps/kulcs_cs/c-478_-1579_-623.hdr.vtf,76528,76528
materials/maps/kulcs_cs/c-427_863_-575.hdr.vtf,76528,76528
materials/maps/kulcs_cs/c-383_-1488_-326.hdr.vtf,76528,76528
materials/maps/kulcs_cs/c-387_-1488_-214.hdr.vtf,76528,76528
materials/maps/kulcs_cs/c-274_-1504_-204.hdr.vtf,76528,76528
materials/maps/kulcs_cs/c46_-1622_-252.hdr.vtf,76528,76528
materials/maps/kulcs_cs/c-484_1267_-529.hdr.vtf,76528,76528
materials/maps/kulcs_cs/c1074_1144_-383.hdr.vtf,76528,76528
materials/maps/kulcs_cs/c-555_1396_-519.hdr.vtf,76528,76528
materials/maps/kulcs_cs/c-261_504_-511.hdr.vtf,76528,76528
materials/maps/kulcs_cs/c-773_2240_-517.hdr.vtf,76528,76528
materials/maps/kulcs_cs/c-753_2020_-517.hdr.vtf,76528,76528
materials/maps/kulcs_cs/c-356_1199_-575.hdr.vtf,76528,76528
