filename,size,compressed
materials/maps/ice_test_cs/dev/dev_blendmeasure_wvt_patch.vmt,141,141
materials/maps/ice_test_cs/glass/glasswindow007a_173_-245_188.vmt,133,133
materials/maps/ice_test_cs/glass/glasswindow007a_100_-81_123.vmt,132,132
materials/maps/ice_test_cs/glass/glasswindow007a_-1244_-1664_606.vmt,136,136
materials/maps/ice_test_cs/glass/glasswindow007a_-323_64_123.vmt,132,132
materials/maps/ice_test_cs/tile/tilewall009b_100_-81_123.vmt,128,128
materials/maps/ice_test_cs/tile/tilewall009b_173_-262_148.vmt,129,129
materials/maps/ice_test_cs/tile/tilewall009b_-307_308_123.vmt,129,129
materials/maps/ice_test_cs/tile/tilefloor009a_-125_-96_123.vmt,130,130
materials/maps/ice_test_cs/tile/tilewall009b_51_-262_143.vmt,128,128
materials/maps/ice_test_cs/tile/tilewall009b_86_-454_119.vmt,128,128
materials/maps/ice_test_cs/tile/tilefloor009a_-808_-245_192.vmt,131,131
materials/maps/ice_test_cs/tile/tilewall009b_133_-262_183.vmt,129,129
materials/maps/ice_test_cs/tile/tilewall009b_88_-262_187.vmt,128,128
materials/maps/ice_test_cs/tile/tilewall009b_47_-245_143.vmt,128,128
materials/maps/ice_test_cs/tile/tilefloor009a_86_-454_119.vmt,129,129
materials/maps/ice_test_cs/tile/tilefloor009a_100_-81_123.vmt,129,129
materials/maps/ice_test_cs/tile/tilewall009b_-125_-96_123.vmt,129,129
materials/maps/ice_test_cs/tile/tilewall009b_110_-254_123.vmt,129,129
materials/maps/ice_test_cs/tile/tilewall009b_133_-245_189.vmt,129,129
materials/maps/ice_test_cs/tile/tilewall009b_-808_-245_192.vmt,130,130
materials/maps/ice_test_cs/tile/tilewall009b_-316_-252_123.vmt,130,130
materials/maps/ice_test_cs/tile/tilewall009b_-315_-461_119.vmt,130,130
materials/maps/ice_test_cs/tile/tilewall009d_86_-454_119.vmt,128,128
materials/maps/ice_test_cs/tile/tilefloor009a_-1244_-1664_606.vmt,133,133
materials/maps/ice_test_cs/tile/tilewall009b_45_-245_189.vmt,128,128
materials/maps/ice_test_cs/tile/tilefloor009a_45_-245_189.vmt,129,129
materials/maps/ice_test_cs/tile/tilewall009b_50_-262_187.vmt,128,128
materials/maps/ice_test_cs/tile/tilefloor009a_-290_-260_190.vmt,131,131
materials/maps/ice_test_cs/tile/tilefloor009a_50_-262_187.vmt,129,129
materials/maps/ice_test_cs/tile/tilefloor009a_-316_-252_123.vmt,131,131
materials/maps/ice_test_cs/tile/tilewall009b_-323_-96_123.vmt,129,129
materials/maps/ice_test_cs/tile/tilewall009b_-340_-243_189.vmt,130,130
materials/maps/ice_test_cs/tile/tilefloor009a_51_-262_143.vmt,129,129
materials/maps/ice_test_cs/tile/tilewall009b_-291_-243_189.vmt,130,130
materials/maps/ice_test_cs/tile/tilefloor009a_-291_-243_189.vmt,131,131
materials/maps/ice_test_cs/tile/tilefloor009a_79_-652_119.vmt,129,129
materials/maps/ice_test_cs/tile/tilefloor009a_110_-254_123.vmt,130,130
materials/maps/ice_test_cs/tile/tilefloor009a_173_-262_148.vmt,130,130
materials/maps/ice_test_cs/tile/tilewall009b_79_-652_119.vmt,128,128
materials/maps/ice_test_cs/tile/tilefloor009a_175_-245_146.vmt,130,130
materials/maps/ice_test_cs/glass/glasswindow007a_174_-262_188.vmt,133,133
materials/maps/ice_test_cs/glass/glasswindow007a_79_-652_119.vmt,132,132
materials/maps/ice_test_cs/glass/glasswindow007a_86_-454_119.vmt,132,132
materials/maps/ice_test_cs/tile/tilewall009d_73_-841_119.vmt,128,128
materials/maps/ice_test_cs/tile/tilefloor009a_73_-841_119.vmt,129,129
materials/maps/ice_test_cs/tile/tilewall009b_73_-841_119.vmt,128,128
materials/maps/ice_test_cs/tile/tilewall009b_112_-1011_123.vmt,130,130
materials/maps/ice_test_cs/tile/tilefloor009a_112_-1011_123.vmt,131,131
materials/maps/ice_test_cs/tile/tilefloor009b_79_-652_119.vmt,129,129
materials/maps/ice_test_cs/tile/tilefloor009b_73_-841_119.vmt,129,129
materials/maps/ice_test_cs/tile/tilefloor009b_-125_-96_123.vmt,130,130
materials/maps/ice_test_cs/tile/tilefloor009b_112_-1011_123.vmt,131,131
materials/maps/ice_test_cs/glass/glasswindow007a_73_-841_119.vmt,132,132
materials/maps/ice_test_cs/glass/glasswindow007a_112_-1011_123.vmt,134,134
materials/maps/ice_test_cs/tile/tilefloor009a_100_-1166_123.vmt,131,131
materials/maps/ice_test_cs/tile/tilewall009b_100_-1166_123.vmt,130,130
materials/maps/ice_test_cs/tile/tilefloor009a_-110_-1172_123.vmt,132,132
materials/maps/ice_test_cs/tile/tilewall009b_-110_-1172_123.vmt,131,131
materials/maps/ice_test_cs/metal/metalwall045a_-125_-96_123.vmt,131,131
materials/maps/ice_test_cs/metal/metalwall045a_-110_-1172_123.vmt,133,133
materials/maps/ice_test_cs/metal/metalwall045a_73_-841_119.vmt,130,130
materials/maps/ice_test_cs/metal/metalwall045a_112_-1011_123.vmt,132,132
materials/maps/ice_test_cs/metal/metalwall045a_-1244_-1664_606.vmt,134,134
materials/maps/ice_test_cs/metal/metalwall045a_-289_-1010_190.vmt,133,133
materials/maps/ice_test_cs/metal/metalwall045a_100_-1166_123.vmt,132,132
materials/maps/ice_test_cs/tile/tilewall009b_-312_-798_119.vmt,130,130
materials/maps/ice_test_cs/tile/tilewall009b_-72_-703_184.vmt,129,129
materials/maps/ice_test_cs/tile/tilefloor009a_-72_-703_184.vmt,130,130
materials/maps/ice_test_cs/tile/tilewall009b_-289_-1010_190.vmt,131,131
materials/maps/ice_test_cs/tile/tilewall009b_-89_-701_190.vmt,129,129
materials/maps/ice_test_cs/tile/tilewall009b_-89_-570_188.vmt,129,129
materials/maps/ice_test_cs/tile/tilefloor009a_-315_-461_119.vmt,131,131
materials/maps/ice_test_cs/tile/tilefloor009a_-323_-96_123.vmt,130,130
materials/maps/ice_test_cs/tile/tilewall009b_-290_-260_190.vmt,130,130
materials/maps/ice_test_cs/tile/tilefloor009a_-318_-1012_123.vmt,132,132
materials/maps/ice_test_cs/tile/tilewall009b_-318_-1012_123.vmt,131,131
materials/maps/ice_test_cs/tile/tilefloor009a_-311_-1168_123.vmt,132,132
materials/maps/ice_test_cs/tile/tilefloor009a_-312_-798_119.vmt,131,131
materials/maps/ice_test_cs/tile/tilefloor009a_-289_-1010_190.vmt,132,132
materials/maps/ice_test_cs/tile/tilewall009b_-311_-1168_123.vmt,131,131
materials/maps/ice_test_cs/tile/tilewall009b_-289_-1027_189.vmt,131,131
materials/maps/ice_test_cs/tile/tilefloor009a_-289_-1027_189.vmt,132,132
materials/maps/ice_test_cs/glass/glasswindow007a_-290_-260_190.vmt,134,134
materials/maps/ice_test_cs/glass/glasswindow007a_-291_-243_189.vmt,134,134
materials/maps/ice_test_cs/glass/glasswindow007a_-339_-260_190.vmt,134,134
materials/maps/ice_test_cs/glass/glasswindow007a_-340_-243_189.vmt,134,134
materials/maps/ice_test_cs/tile/tilewall009b_-678_-1009_150.vmt,131,131
materials/maps/ice_test_cs/tile/tilefloor009a_-509_-1168_123.vmt,132,132
materials/maps/ice_test_cs/tile/tilewall009b_-704_-830_119.vmt,130,130
materials/maps/ice_test_cs/tile/tilewall009b_-715_-1009_189.vmt,131,131
materials/maps/ice_test_cs/tile/tilewall009b_-765_-1009_188.vmt,131,131
materials/maps/ice_test_cs/tile/tilefloor009a_-734_-1183_123.vmt,132,132
materials/maps/ice_test_cs/tile/tilefloor009a_-704_-830_119.vmt,131,131
materials/maps/ice_test_cs/tile/tilewall009b_-681_-1026_149.vmt,131,131
materials/maps/ice_test_cs/tile/tilewall009b_-509_-1168_123.vmt,131,131
materials/maps/ice_test_cs/tile/tilewall009b_-759_-1026_186.vmt,131,131
materials/maps/ice_test_cs/tile/tilewall009b_-804_-1026_140.vmt,131,131
materials/maps/ice_test_cs/tile/tilefloor009a_-859_-1176_123.vmt,132,132
materials/maps/ice_test_cs/tile/tilewall009b_-809_-1009_148.vmt,131,131
materials/maps/ice_test_cs/tile/tilefloor009a_-809_-1009_148.vmt,132,132
materials/maps/ice_test_cs/tile/tilewall009b_-859_-1176_123.vmt,131,131
materials/maps/ice_test_cs/tile/tilefloor009a_-804_-1026_140.vmt,132,132
materials/maps/ice_test_cs/tile/tilewall009b_-744_-1010_123.vmt,131,131
materials/maps/ice_test_cs/tile/tilewall009b_-679_-1009_188.vmt,131,131
materials/maps/ice_test_cs/tile/tilewall009b_-681_-1026_186.vmt,131,131
materials/maps/ice_test_cs/tile/tilefloor009a_-681_-1026_186.vmt,132,132
materials/maps/ice_test_cs/tile/tilefloor009a_-679_-1009_188.vmt,132,132
materials/maps/ice_test_cs/metal/metalwall045a_-509_-1168_123.vmt,133,133
materials/maps/ice_test_cs/metal/metalwall045a_-704_-830_119.vmt,132,132
materials/maps/ice_test_cs/metal/metalwall045a_-679_-1009_188.vmt,133,133
materials/maps/ice_test_cs/metal/metalwall045a_-734_-1183_123.vmt,133,133
materials/maps/ice_test_cs/tile/tilefloor009a_-338_-1010_188.vmt,132,132
materials/maps/ice_test_cs/tile/tilefloor009a_-678_-1009_150.vmt,132,132
materials/maps/ice_test_cs/tile/tilewall009b_-337_-1027_190.vmt,131,131
materials/maps/ice_test_cs/tile/tilefloor009a_-337_-1027_190.vmt,132,132
materials/maps/ice_test_cs/tile/tilefloor009a_-698_-641_119.vmt,131,131
materials/maps/ice_test_cs/tile/tilefloor009a_-744_-1010_123.vmt,132,132
materials/maps/ice_test_cs/tile/tilewall009b_-698_-641_119.vmt,130,130
materials/maps/ice_test_cs/tile/tilefloor009b_-1244_-1664_606.vmt,133,133
materials/maps/ice_test_cs/tile/tilefloor009b_-704_-830_119.vmt,131,131
materials/maps/ice_test_cs/tile/tilefloor009b_-809_-1009_148.vmt,132,132
materials/maps/ice_test_cs/tile/tilefloor009b_-698_-641_119.vmt,131,131
materials/maps/ice_test_cs/tile/tilefloor009b_-1304_-1635_611.vmt,133,133
materials/maps/ice_test_cs/tile/tilefloor009a_-691_-443_119.vmt,131,131
materials/maps/ice_test_cs/tile/tilewall009b_-691_-443_119.vmt,130,130
materials/maps/ice_test_cs/tile/tilewall009b_-805_-262_144.vmt,130,130
materials/maps/ice_test_cs/tile/tilewall009b_-746_-253_123.vmt,130,130
materials/maps/ice_test_cs/tile/tilefloor009a_-746_-253_123.vmt,131,131
materials/maps/ice_test_cs/tile/tilefloor009a_-805_-262_144.vmt,131,131
materials/maps/ice_test_cs/tile/tilefloor009b_-691_-443_119.vmt,131,131
materials/maps/ice_test_cs/tile/tilefloor009b_-805_-262_144.vmt,131,131
materials/maps/ice_test_cs/tile/tilefloor009a_-1304_-1635_611.vmt,133,133
materials/maps/ice_test_cs/tile/tilefloor009a_-806_-245_143.vmt,131,131
materials/maps/ice_test_cs/glass/glasswindow007a_-759_-1026_186.vmt,135,135
materials/maps/ice_test_cs/glass/glasswindow007a_-765_-1009_188.vmt,135,135
materials/maps/ice_test_cs/glass/glasswindow007a_-714_-1026_186.vmt,135,135
materials/maps/ice_test_cs/glass/glasswindow007a_-715_-1009_189.vmt,135,135
materials/maps/ice_test_cs/glass/glasswindow007a_-681_-1026_186.vmt,135,135
materials/maps/ice_test_cs/glass/glasswindow007a_-679_-1009_188.vmt,135,135
materials/maps/ice_test_cs/glass/glasswindow007a_-681_-1026_149.vmt,135,135
materials/maps/ice_test_cs/glass/glasswindow007a_-678_-1009_150.vmt,135,135
materials/maps/ice_test_cs/glass/glasswindow007a_-811_-1026_187.vmt,135,135
materials/maps/ice_test_cs/glass/glasswindow007a_-805_-1009_188.vmt,135,135
materials/maps/ice_test_cs/glass/glasswindow007a_-804_-1026_140.vmt,135,135
materials/maps/ice_test_cs/glass/glasswindow007a_-809_-1009_148.vmt,135,135
materials/maps/ice_test_cs/tile/tilewall009b_-681_-262_141.vmt,130,130
materials/maps/ice_test_cs/tile/tilefloor009a_-584_-392_119.vmt,131,131
materials/maps/ice_test_cs/tile/tilefloor009a_-734_-98_123.vmt,130,130
materials/maps/ice_test_cs/tile/tilewall009b_-806_-245_143.vmt,130,130
materials/maps/ice_test_cs/tile/tilewall009b_-734_-98_123.vmt,129,129
materials/maps/ice_test_cs/tile/tilewall009b_-680_-245_144.vmt,130,130
materials/maps/ice_test_cs/tile/tilewall009b_-769_-245_190.vmt,130,130
materials/maps/ice_test_cs/tile/tilewall009b_-764_-262_188.vmt,130,130
materials/maps/ice_test_cs/tile/tilewall009b_-716_-262_184.vmt,130,130
materials/maps/ice_test_cs/tile/tilewall009b_-677_-262_190.vmt,130,130
materials/maps/ice_test_cs/glass/glasswindow007a_-716_-262_184.vmt,134,134
materials/maps/ice_test_cs/glass/glasswindow007a_-720_-245_188.vmt,134,134
materials/maps/ice_test_cs/glass/glasswindow007a_-764_-262_188.vmt,134,134
materials/maps/ice_test_cs/glass/glasswindow007a_-769_-245_190.vmt,134,134
materials/maps/ice_test_cs/glass/glasswindow007a_-808_-262_189.vmt,134,134
materials/maps/ice_test_cs/glass/glasswindow007a_-808_-245_192.vmt,134,134
materials/maps/ice_test_cs/glass/glasswindow007a_-805_-262_144.vmt,134,134
materials/maps/ice_test_cs/glass/glasswindow007a_-806_-245_143.vmt,134,134
materials/maps/ice_test_cs/glass/glasswindow007a_-677_-262_190.vmt,134,134
materials/maps/ice_test_cs/glass/glasswindow007a_-680_-245_187.vmt,134,134
materials/maps/ice_test_cs/glass/glasswindow007a_-681_-262_141.vmt,134,134
materials/maps/ice_test_cs/glass/glasswindow007a_-680_-245_144.vmt,134,134
materials/maps/ice_test_cs/tile/tilewall009b_-584_-392_119.vmt,130,130
materials/maps/ice_test_cs/tile/tilefloor009a_-524_-92_123.vmt,130,130
materials/maps/ice_test_cs/tile/tilewall009b_-524_-92_123.vmt,129,129
materials/maps/ice_test_cs/tile/tilefloor009a_-677_-262_190.vmt,131,131
materials/maps/ice_test_cs/tile/tilewall009b_-680_-245_187.vmt,130,130
materials/maps/ice_test_cs/tile/tilefloor009a_-680_-245_187.vmt,131,131
materials/maps/ice_test_cs/metal/metalwall045a_-584_-392_119.vmt,132,132
materials/maps/ice_test_cs/metal/metalwall045a_-524_-92_123.vmt,131,131
materials/maps/ice_test_cs/metal/metalwall045a_-677_-262_190.vmt,132,132
materials/maps/ice_test_cs/metal/metalwall045a_-340_-243_189.vmt,132,132
materials/maps/ice_test_cs/metal/metalwall045a_-680_-245_144.vmt,132,132
materials/maps/ice_test_cs/metal/metalwall045a_-734_-98_123.vmt,131,131
materials/maps/ice_test_cs/tile/tilewall009b_-531_-707_187.vmt,130,130
materials/maps/ice_test_cs/tile/tilewall009b_-540_-636_119.vmt,130,130
materials/maps/ice_test_cs/tile/tilefloor009a_-531_-707_187.vmt,131,131
materials/maps/ice_test_cs/tile/tilewall009b_-338_-1010_188.vmt,131,131
materials/maps/ice_test_cs/tile/tilewall009b_-548_-704_187.vmt,130,130
materials/maps/ice_test_cs/tile/tilefloor009a_-548_-704_187.vmt,131,131
materials/maps/ice_test_cs/tile/tilefloor009a_-548_-612_188.vmt,131,131
materials/maps/ice_test_cs/tile/tilewall009b_-548_-612_188.vmt,130,130
materials/maps/ice_test_cs/tile/tilewall009b_-531_-616_185.vmt,130,130
materials/maps/ice_test_cs/tile/tilewall009b_-339_-260_190.vmt,130,130
materials/maps/ice_test_cs/tile/tilefloor009a_-681_-262_141.vmt,131,131
materials/maps/ice_test_cs/tile/tilefloor009a_-339_-260_190.vmt,131,131
materials/maps/ice_test_cs/tile/tilefloor009a_-340_-243_189.vmt,131,131
materials/maps/ice_test_cs/tile/tilewall009d_-704_-830_119.vmt,130,130
materials/maps/ice_test_cs/glass/glasswindow007a_-698_-641_119.vmt,134,134
materials/maps/ice_test_cs/glass/glasswindow007a_-1304_-1635_611.vmt,136,136
materials/maps/ice_test_cs/glass/glasswindow007a_-704_-830_119.vmt,134,134
materials/maps/ice_test_cs/tile/tilewall009d_-691_-443_119.vmt,130,130
materials/maps/ice_test_cs/glass/glasswindow007a_-691_-443_119.vmt,134,134
materials/maps/ice_test_cs/glass/glasswindow007a_-337_-1027_190.vmt,135,135
materials/maps/ice_test_cs/glass/glasswindow007a_-338_-1010_188.vmt,135,135
materials/maps/ice_test_cs/glass/glasswindow007a_-289_-1027_189.vmt,135,135
materials/maps/ice_test_cs/glass/glasswindow007a_-289_-1010_190.vmt,135,135
materials/maps/ice_test_cs/tile/tilewall009b_-72_-571_188.vmt,129,129
materials/maps/ice_test_cs/tile/tilewall009b_-323_64_123.vmt,128,128
materials/maps/ice_test_cs/tile/tilefloor009a_-323_64_123.vmt,129,129
materials/maps/ice_test_cs/tile/tilewall009b_-1304_-1635_611.vmt,132,132
materials/maps/ice_test_cs/glass/glasswindow007a_-734_-98_123.vmt,133,133
materials/maps/ice_test_cs/tile/tilewall009b_-80_-636_119.vmt,129,129
materials/maps/ice_test_cs/tile/tilefloor009a_-89_-701_190.vmt,130,130
materials/maps/ice_test_cs/tile/tilefloor009a_-80_-636_119.vmt,130,130
materials/maps/ice_test_cs/tile/tilefloor009b_-312_-798_119.vmt,131,131
materials/maps/ice_test_cs/glass/glasswindow007a_-307_308_123.vmt,133,133
materials/maps/ice_test_cs/plaster/plasterwall034c_-323_64_123.vmt,134,134
materials/maps/ice_test_cs/plaster/plasterwall034c_-125_-96_123.vmt,135,135
materials/maps/ice_test_cs/plaster/plasterwall034c_-307_308_123.vmt,135,135
materials/maps/ice_test_cs/plaster/plasterwall034c_-808_-245_192.vmt,136,136
materials/maps/ice_test_cs/tile/tilefloor001b_-524_-92_123.vmt,130,130
materials/maps/ice_test_cs/tile/tilefloor001b_-125_-96_123.vmt,130,130
materials/maps/ice_test_cs/tile/tilefloor001b_-323_64_123.vmt,129,129
materials/maps/ice_test_cs/tile/tilefloor001b_-307_308_123.vmt,130,130
materials/maps/ice_test_cs/plaster/plasterwall034c_-524_-92_123.vmt,135,135
materials/maps/ice_test_cs/tile/tilefloor001b_-734_-98_123.vmt,130,130
materials/maps/ice_test_cs/tile/tilefloor001b_100_-81_123.vmt,129,129
materials/maps/ice_test_cs/plaster/plasterwall034c_-734_-98_123.vmt,135,135
materials/maps/ice_test_cs/plaster/plasterwall034c_100_-81_123.vmt,134,134
materials/maps/ice_test_cs/tile/tilewall009b_101_-1317_123.vmt,130,130
materials/maps/ice_test_cs/tile/tilefloor009a_101_-1317_123.vmt,131,131
materials/maps/ice_test_cs/tile/tilefloor009a_-675_-1355_123.vmt,132,132
materials/maps/ice_test_cs/tile/tilewall009b_-1217_-1732_603.vmt,132,132
materials/maps/ice_test_cs/glass/glasswindow007a_-109_-1323_123.vmt,135,135
materials/maps/ice_test_cs/glass/glasswindow007a_101_-1317_123.vmt,134,134
materials/maps/ice_test_cs/glass/glasswindow007a_-1217_-1732_603.vmt,136,136
materials/maps/ice_test_cs/tile/tilewall009b_-508_-1319_123.vmt,131,131
materials/maps/ice_test_cs/tile/tilewall009b_-310_-1319_123.vmt,131,131
materials/maps/ice_test_cs/tile/tilewall009b_-190_-1323_123.vmt,131,131
materials/maps/ice_test_cs/tile/tilefloor009a_-1217_-1732_603.vmt,133,133
materials/maps/ice_test_cs/tile/tilefloor009a_-190_-1323_123.vmt,132,132
materials/maps/ice_test_cs/tile/tilefloor009a_-310_-1319_123.vmt,132,132
materials/maps/ice_test_cs/glass/glasswindow007a_-675_-1355_123.vmt,135,135
materials/maps/ice_test_cs/glass/glasswindow007a_-508_-1319_123.vmt,135,135
materials/maps/ice_test_cs/tile/tilefloor009a_-508_-1319_123.vmt,132,132
materials/maps/ice_test_cs/glass/glasswindow007a_-190_-1323_123.vmt,135,135
materials/maps/ice_test_cs/glass/glasswindow007a_-310_-1319_123.vmt,135,135
materials/maps/ice_test_cs/plaster/plasterwall034c_-1244_-1664_606.vmt,138,138
materials/maps/ice_test_cs/glass/glasswindow007a_-548_-612_188.vmt,134,134
materials/maps/ice_test_cs/glass/glasswindow007a_-531_-616_185.vmt,134,134
materials/maps/ice_test_cs/glass/glasswindow007a_-125_-96_123.vmt,133,133
materials/maps/ice_test_cs/glass/glasswindow007a_-584_-392_119.vmt,134,134
materials/maps/ice_test_cs/tile/tilewall009d_-859_-1176_123.vmt,131,131
materials/maps/ice_test_cs/tile/tilewall009d_-675_-1355_123.vmt,131,131
materials/maps/ice_test_cs/glass/glasswindow007a_-548_-704_187.vmt,134,134
materials/maps/ice_test_cs/glass/glasswindow007a_-531_-707_187.vmt,134,134
materials/maps/ice_test_cs/glass/glasswindow007a_-89_-701_190.vmt,133,133
materials/maps/ice_test_cs/glass/glasswindow007a_-72_-703_184.vmt,133,133
materials/maps/ice_test_cs/glass/glasswindow007a_-89_-570_188.vmt,133,133
materials/maps/ice_test_cs/glass/glasswindow007a_-72_-571_188.vmt,133,133
materials/maps/ice_test_cs/tile/tilewall009d_-698_-641_119.vmt,130,130
materials/maps/ice_test_cs/tile/tilefloor009a_-109_-1323_123.vmt,132,132
materials/maps/ice_test_cs/tile/tilewall009b_-109_-1323_123.vmt,131,131
materials/maps/ice_test_cs/tile/tilefloor009b_-109_-1323_123.vmt,132,132
materials/maps/ice_test_cs/tile/tilefloor009b_173_-262_148.vmt,130,130
materials/maps/ice_test_cs/tile/tilefloor009b_-1217_-1732_603.vmt,133,133
materials/maps/ice_test_cs/tile/tilefloor009b_101_-1317_123.vmt,131,131
materials/maps/ice_test_cs/tile/tilefloor009b_-190_-1323_123.vmt,132,132
materials/maps/ice_test_cs/tile/tilefloor009b_-110_-1172_123.vmt,132,132
materials/maps/ice_test_cs/tile/tilewall009b_-675_-1355_123.vmt,131,131
materials/maps/ice_test_cs/tile/tilefloor009b_-675_-1355_123.vmt,132,132
materials/maps/ice_test_cs/tile/tilefloor009b_-310_-1319_123.vmt,132,132
materials/maps/ice_test_cs/tile/tilefloor009b_-509_-1168_123.vmt,132,132
materials/maps/ice_test_cs/tile/tilefloor009b_-508_-1319_123.vmt,132,132
materials/maps/ice_test_cs/tile/tilefloor009b_-734_-1183_123.vmt,132,132
materials/maps/ice_test_cs/tile/tilefloor009b_-681_-1026_149.vmt,132,132
materials/maps/ice_test_cs/tile/tilewall009d_79_-652_119.vmt,128,128
materials/maps/ice_test_cs/tile/tilewall009d_-125_-96_123.vmt,129,129
materials/maps/ice_test_cs/nature/water_canals03_-691_-443_119.vmt,157,157
materials/maps/ice_test_cs/tile/tilefloor010a_-540_-636_119.vmt,131,131
materials/maps/ice_test_cs/tile/tilefloor010a_-89_-570_188.vmt,130,130
materials/maps/ice_test_cs/tile/tilefloor010a_-315_-461_119.vmt,131,131
materials/maps/ice_test_cs/tile/tilefloor010a_-584_-392_119.vmt,131,131
materials/maps/ice_test_cs/tile/tilefloor010a_-125_-96_123.vmt,130,130
materials/maps/ice_test_cs/tile/tilefloor010a_-316_-252_123.vmt,131,131
materials/maps/ice_test_cs/tile/tilefloor010a_-312_-798_119.vmt,131,131
materials/maps/ice_test_cs/tile/tilewall009b_175_-245_146.vmt,129,129
materials/maps/ice_test_cs/tile/tilefloor009a_-307_308_123.vmt,130,130
materials/maps/ice_test_cs/tile/tilefloor009b_86_-454_119.vmt,129,129
materials/maps/ice_test_cs/metal/metalwall045a_86_-454_119.vmt,130,130
materials/maps/ice_test_cs/metal/metalwall045a_45_-245_189.vmt,130,130
materials/maps/ice_test_cs/metal/metalwall045a_47_-245_143.vmt,130,130
materials/maps/ice_test_cs/metal/metalwall045a_100_-81_123.vmt,130,130
materials/maps/ice_test_cs/glass/glasswindow007a_133_-262_183.vmt,133,133
materials/maps/ice_test_cs/glass/glasswindow007a_133_-245_189.vmt,133,133
materials/maps/ice_test_cs/glass/glasswindow007a_88_-262_187.vmt,132,132
materials/maps/ice_test_cs/glass/glasswindow007a_86_-245_191.vmt,132,132
materials/maps/ice_test_cs/glass/glasswindow007a_50_-262_187.vmt,132,132
materials/maps/ice_test_cs/glass/glasswindow007a_45_-245_189.vmt,132,132
materials/maps/ice_test_cs/glass/glasswindow007a_51_-262_143.vmt,132,132
materials/maps/ice_test_cs/glass/glasswindow007a_47_-245_143.vmt,132,132
materials/maps/ice_test_cs/glass/glasswindow007a_173_-262_148.vmt,133,133
materials/maps/ice_test_cs/glass/glasswindow007a_175_-245_146.vmt,133,133
materials/maps/ice_test_cs/tile/tilefloor009a_-89_-570_188.vmt,130,130
materials/maps/ice_test_cs/tile/tilefloor009a_-72_-571_188.vmt,130,130
materials/maps/ice_test_cs/tile/tilefloor009a_-540_-636_119.vmt,131,131
materials/maps/ice_test_cs/metal/metaldoor039a_-1217_-1732_603.vmt,134,134
materials/maps/ice_test_cs/concrete/concretewall013b_-1304_-1635_611.vmt,140,140
materials/maps/ice_test_cs/concrete/concretewall013b_-1244_-1664_606.vmt,140,140
materials/maps/ice_test_cs/concrete/concretewall013b_-125_-96_123.vmt,137,137
materials/maps/ice_test_cs/concrete/concretewall013b_-859_-1176_123.vmt,139,139
materials/maps/ice_test_cs/concrete/concretewall013b_-1217_-1732_603.vmt,140,140
materials/maps/ice_test_cs/concrete/concretewall013b_-675_-1355_123.vmt,139,139
materials/maps/ice_test_cs/maps/ice_test_cs/nature/water_canals03_-691_-443_119_depth_5.vmt,138,138
materials/maps/ice_test_cs/cubemapdefault.vtf,9832,9832
materials/maps/ice_test_cs/c173_-245_188.vtf,28753,28753
materials/maps/ice_test_cs/c100_-81_123.vtf,28753,28753
materials/maps/ice_test_cs/c-1244_-1664_606.vtf,28753,28753
materials/maps/ice_test_cs/c-323_64_123.vtf,28753,28753
materials/maps/ice_test_cs/c173_-262_148.vtf,28753,28753
materials/maps/ice_test_cs/c-307_308_123.vtf,28753,28753
materials/maps/ice_test_cs/c-125_-96_123.vtf,28753,28753
materials/maps/ice_test_cs/c51_-262_143.vtf,28753,28753
materials/maps/ice_test_cs/c86_-454_119.vtf,28753,28753
materials/maps/ice_test_cs/c-808_-245_192.vtf,28753,28753
materials/maps/ice_test_cs/c133_-262_183.vtf,28753,28753
materials/maps/ice_test_cs/c88_-262_187.vtf,28753,28753
materials/maps/ice_test_cs/c47_-245_143.vtf,28753,28753
materials/maps/ice_test_cs/c110_-254_123.vtf,28753,28753
materials/maps/ice_test_cs/c133_-245_189.vtf,28753,28753
materials/maps/ice_test_cs/c-316_-252_123.vtf,28753,28753
materials/maps/ice_test_cs/c-315_-461_119.vtf,28753,28753
materials/maps/ice_test_cs/c45_-245_189.vtf,28753,28753
materials/maps/ice_test_cs/c50_-262_187.vtf,28753,28753
materials/maps/ice_test_cs/c-290_-260_190.vtf,28753,28753
materials/maps/ice_test_cs/c-323_-96_123.vtf,28753,28753
materials/maps/ice_test_cs/c-340_-243_189.vtf,28753,28753
materials/maps/ice_test_cs/c-291_-243_189.vtf,28753,28753
materials/maps/ice_test_cs/c79_-652_119.vtf,28753,28753
materials/maps/ice_test_cs/c175_-245_146.vtf,28753,28753
materials/maps/ice_test_cs/c174_-262_188.vtf,28753,28753
materials/maps/ice_test_cs/c73_-841_119.vtf,28753,28753
materials/maps/ice_test_cs/c112_-1011_123.vtf,28753,28753
materials/maps/ice_test_cs/c100_-1166_123.vtf,28753,28753
materials/maps/ice_test_cs/c-110_-1172_123.vtf,28753,28753
materials/maps/ice_test_cs/c-289_-1010_190.vtf,28753,28753
materials/maps/ice_test_cs/c-312_-798_119.vtf,28753,28753
materials/maps/ice_test_cs/c-72_-703_184.vtf,28753,28753
materials/maps/ice_test_cs/c-89_-701_190.vtf,28753,28753
materials/maps/ice_test_cs/c-89_-570_188.vtf,28753,28753
materials/maps/ice_test_cs/c-318_-1012_123.vtf,28753,28753
materials/maps/ice_test_cs/c-311_-1168_123.vtf,28753,28753
materials/maps/ice_test_cs/c-289_-1027_189.vtf,28753,28753
materials/maps/ice_test_cs/c-339_-260_190.vtf,28753,28753
materials/maps/ice_test_cs/c-678_-1009_150.vtf,28753,28753
materials/maps/ice_test_cs/c-509_-1168_123.vtf,28753,28753
materials/maps/ice_test_cs/c-704_-830_119.vtf,28753,28753
materials/maps/ice_test_cs/c-715_-1009_189.vtf,28753,28753
materials/maps/ice_test_cs/c-765_-1009_188.vtf,28753,28753
materials/maps/ice_test_cs/c-734_-1183_123.vtf,28753,28753
materials/maps/ice_test_cs/c-681_-1026_149.vtf,28753,28753
materials/maps/ice_test_cs/c-759_-1026_186.vtf,28753,28753
materials/maps/ice_test_cs/c-804_-1026_140.vtf,28753,28753
materials/maps/ice_test_cs/c-859_-1176_123.vtf,28753,28753
materials/maps/ice_test_cs/c-809_-1009_148.vtf,28753,28753
materials/maps/ice_test_cs/c-744_-1010_123.vtf,28753,28753
materials/maps/ice_test_cs/c-679_-1009_188.vtf,28753,28753
materials/maps/ice_test_cs/c-681_-1026_186.vtf,28753,28753
materials/maps/ice_test_cs/c-338_-1010_188.vtf,28753,28753
materials/maps/ice_test_cs/c-337_-1027_190.vtf,28753,28753
materials/maps/ice_test_cs/c-698_-641_119.vtf,28753,28753
materials/maps/ice_test_cs/c-1304_-1635_611.vtf,28753,28753
materials/maps/ice_test_cs/c-691_-443_119.vtf,28753,28753
materials/maps/ice_test_cs/c-805_-262_144.vtf,28753,28753
materials/maps/ice_test_cs/c-746_-253_123.vtf,28753,28753
materials/maps/ice_test_cs/c-806_-245_143.vtf,28753,28753
materials/maps/ice_test_cs/c-714_-1026_186.vtf,28753,28753
materials/maps/ice_test_cs/c-811_-1026_187.vtf,28753,28753
materials/maps/ice_test_cs/c-805_-1009_188.vtf,28753,28753
materials/maps/ice_test_cs/c-681_-262_141.vtf,28753,28753
materials/maps/ice_test_cs/c-584_-392_119.vtf,28753,28753
materials/maps/ice_test_cs/c-734_-98_123.vtf,28753,28753
materials/maps/ice_test_cs/c-680_-245_144.vtf,28753,28753
materials/maps/ice_test_cs/c-769_-245_190.vtf,28753,28753
materials/maps/ice_test_cs/c-764_-262_188.vtf,28753,28753
materials/maps/ice_test_cs/c-716_-262_184.vtf,28753,28753
materials/maps/ice_test_cs/c-677_-262_190.vtf,28753,28753
materials/maps/ice_test_cs/c-720_-245_188.vtf,28753,28753
materials/maps/ice_test_cs/c-808_-262_189.vtf,28753,28753
materials/maps/ice_test_cs/c-680_-245_187.vtf,28753,28753
materials/maps/ice_test_cs/c-524_-92_123.vtf,28753,28753
materials/maps/ice_test_cs/c-531_-707_187.vtf,28753,28753
materials/maps/ice_test_cs/c-540_-636_119.vtf,28753,28753
materials/maps/ice_test_cs/c-548_-704_187.vtf,28753,28753
materials/maps/ice_test_cs/c-548_-612_188.vtf,28753,28753
materials/maps/ice_test_cs/c-531_-616_185.vtf,28753,28753
materials/maps/ice_test_cs/c-72_-571_188.vtf,28753,28753
materials/maps/ice_test_cs/c-80_-636_119.vtf,28753,28753
materials/maps/ice_test_cs/c101_-1317_123.vtf,28753,28753
materials/maps/ice_test_cs/c-675_-1355_123.vtf,28753,28753
materials/maps/ice_test_cs/c-1217_-1732_603.vtf,28753,28753
materials/maps/ice_test_cs/c-109_-1323_123.vtf,28753,28753
materials/maps/ice_test_cs/c-508_-1319_123.vtf,28753,28753
materials/maps/ice_test_cs/c-310_-1319_123.vtf,28753,28753
materials/maps/ice_test_cs/c-190_-1323_123.vtf,28753,28753
materials/maps/ice_test_cs/c86_-245_191.vtf,28753,28753
materials/maps/ice_test_cs/cubemapdefault.hdr.vtf,76528,76528
materials/maps/ice_test_cs/c173_-245_188.hdr.vtf,76536,76536
materials/maps/ice_test_cs/c100_-81_123.hdr.vtf,76536,76536
materials/maps/ice_test_cs/c-1244_-1664_606.hdr.vtf,76536,76536
materials/maps/ice_test_cs/c-323_64_123.hdr.vtf,76536,76536
materials/maps/ice_test_cs/c173_-262_148.hdr.vtf,76536,76536
materials/maps/ice_test_cs/c-307_308_123.hdr.vtf,76536,76536
materials/maps/ice_test_cs/c-125_-96_123.hdr.vtf,76536,76536
materials/maps/ice_test_cs/c51_-262_143.hdr.vtf,76536,76536
materials/maps/ice_test_cs/c86_-454_119.hdr.vtf,76536,76536
materials/maps/ice_test_cs/c-808_-245_192.hdr.vtf,76536,76536
materials/maps/ice_test_cs/c133_-262_183.hdr.vtf,76536,76536
materials/maps/ice_test_cs/c88_-262_187.hdr.vtf,76536,76536
materials/maps/ice_test_cs/c47_-245_143.hdr.vtf,76536,76536
materials/maps/ice_test_cs/c110_-254_123.hdr.vtf,76536,76536
materials/maps/ice_test_cs/c133_-245_189.hdr.vtf,76536,76536
materials/maps/ice_test_cs/c-316_-252_123.hdr.vtf,76536,76536
materials/maps/ice_test_cs/c-315_-461_119.hdr.vtf,76536,76536
materials/maps/ice_test_cs/c45_-245_189.hdr.vtf,76536,76536
materials/maps/ice_test_cs/c50_-262_187.hdr.vtf,76536,76536
materials/maps/ice_test_cs/c-290_-260_190.hdr.vtf,76536,76536
materials/maps/ice_test_cs/c-323_-96_123.hdr.vtf,76536,76536
materials/maps/ice_test_cs/c-340_-243_189.hdr.vtf,76536,76536
materials/maps/ice_test_cs/c-291_-243_189.hdr.vtf,76536,76536
materials/maps/ice_test_cs/c79_-652_119.hdr.vtf,76536,76536
materials/maps/ice_test_cs/c175_-245_146.hdr.vtf,76536,76536
materials/maps/ice_test_cs/c174_-262_188.hdr.vtf,76536,76536
materials/maps/ice_test_cs/c73_-841_119.hdr.vtf,76536,76536
materials/maps/ice_test_cs/c112_-1011_123.hdr.vtf,76536,76536
materials/maps/ice_test_cs/c100_-1166_123.hdr.vtf,76536,76536
materials/maps/ice_test_cs/c-110_-1172_123.hdr.vtf,76536,76536
materials/maps/ice_test_cs/c-289_-1010_190.hdr.vtf,76536,76536
materials/maps/ice_test_cs/c-312_-798_119.hdr.vtf,76536,76536
materials/maps/ice_test_cs/c-72_-703_184.hdr.vtf,76536,76536
materials/maps/ice_test_cs/c-89_-701_190.hdr.vtf,76536,76536
materials/maps/ice_test_cs/c-89_-570_188.hdr.vtf,76536,76536
materials/maps/ice_test_cs/c-318_-1012_123.hdr.vtf,76536,76536
materials/maps/ice_test_cs/c-311_-1168_123.hdr.vtf,76536,76536
materials/maps/ice_test_cs/c-289_-1027_189.hdr.vtf,76536,76536
materials/maps/ice_test_cs/c-339_-260_190.hdr.vtf,76536,76536
materials/maps/ice_test_cs/c-678_-1009_150.hdr.vtf,76536,76536
materials/maps/ice_test_cs/c-509_-1168_123.hdr.vtf,76536,76536
materials/maps/ice_test_cs/c-704_-830_119.hdr.vtf,76536,76536
materials/maps/ice_test_cs/c-715_-1009_189.hdr.vtf,76536,76536
materials/maps/ice_test_cs/c-765_-1009_188.hdr.vtf,76536,76536
materials/maps/ice_test_cs/c-734_-1183_123.hdr.vtf,76536,76536
materials/maps/ice_test_cs/c-681_-1026_149.hdr.vtf,76536,76536
materials/maps/ice_test_cs/c-759_-1026_186.hdr.vtf,76536,76536
materials/maps/ice_test_cs/c-804_-1026_140.hdr.vtf,76536,76536
materials/maps/ice_test_cs/c-859_-1176_123.hdr.vtf,76536,76536
materials/maps/ice_test_cs/c-809_-1009_148.hdr.vtf,76536,76536
materials/maps/ice_test_cs/c-744_-1010_123.hdr.vtf,76536,76536
materials/maps/ice_test_cs/c-679_-1009_188.hdr.vtf,76536,76536
materials/maps/ice_test_cs/c-681_-1026_186.hdr.vtf,76536,76536
materials/maps/ice_test_cs/c-338_-1010_188.hdr.vtf,76536,76536
materials/maps/ice_test_cs/c-337_-1027_190.hdr.vtf,76536,76536
materials/maps/ice_test_cs/c-698_-641_119.hdr.vtf,76536,76536
materials/maps/ice_test_cs/c-1304_-1635_611.hdr.vtf,76536,76536
materials/maps/ice_test_cs/c-691_-443_119.hdr.vtf,76536,76536
materials/maps/ice_test_cs/c-805_-262_144.hdr.vtf,76536,76536
materials/maps/ice_test_cs/c-746_-253_123.hdr.vtf,76536,76536
materials/maps/ice_test_cs/c-806_-245_143.hdr.vtf,76536,76536
materials/maps/ice_test_cs/c-714_-1026_186.hdr.vtf,76536,76536
materials/maps/ice_test_cs/c-811_-1026_187.hdr.vtf,76536,76536
materials/maps/ice_test_cs/c-805_-1009_188.hdr.vtf,76536,76536
materials/maps/ice_test_cs/c-681_-262_141.hdr.vtf,76536,76536
materials/maps/ice_test_cs/c-584_-392_119.hdr.vtf,76536,76536
materials/maps/ice_test_cs/c-734_-98_123.hdr.vtf,76536,76536
materials/maps/ice_test_cs/c-680_-245_144.hdr.vtf,76536,76536
materials/maps/ice_test_cs/c-769_-245_190.hdr.vtf,76536,76536
materials/maps/ice_test_cs/c-764_-262_188.hdr.vtf,76536,76536
materials/maps/ice_test_cs/c-716_-262_184.hdr.vtf,76536,76536
materials/maps/ice_test_cs/c-677_-262_190.hdr.vtf,76536,76536
materials/maps/ice_test_cs/c-720_-245_188.hdr.vtf,76536,76536
materials/maps/ice_test_cs/c-808_-262_189.hdr.vtf,76536,76536
materials/maps/ice_test_cs/c-680_-245_187.hdr.vtf,76536,76536
materials/maps/ice_test_cs/c-524_-92_123.hdr.vtf,76536,76536
materials/maps/ice_test_cs/c-531_-707_187.hdr.vtf,76536,76536
materials/maps/ice_test_cs/c-540_-636_119.hdr.vtf,76536,76536
materials/maps/ice_test_cs/c-548_-704_187.hdr.vtf,76536,76536
materials/maps/ice_test_cs/c-548_-612_188.hdr.vtf,76536,76536
materials/maps/ice_test_cs/c-531_-616_185.hdr.vtf,76536,76536
materials/maps/ice_test_cs/c-72_-571_188.hdr.vtf,76536,76536
materials/maps/ice_test_cs/c-80_-636_119.hdr.vtf,76536,76536
materials/maps/ice_test_cs/c101_-1317_123.hdr.vtf,76536,76536
materials/maps/ice_test_cs/c-675_-1355_123.hdr.vtf,76536,76536
materials/maps/ice_test_cs/c-1217_-1732_603.hdr.vtf,76536,76536
materials/maps/ice_test_cs/c-109_-1323_123.hdr.vtf,76536,76536
materials/maps/ice_test_cs/c-508_-1319_123.hdr.vtf,76536,76536
materials/maps/ice_test_cs/c-310_-1319_123.hdr.vtf,76536,76536
materials/maps/ice_test_cs/c-190_-1323_123.hdr.vtf,76536,76536
materials/maps/ice_test_cs/c86_-245_191.hdr.vtf,76536,76536
models/props_junk/gnome.dx80.vtx,26502,26502
models/props_junk/gnome.dx90.vtx,26502,26502
models/props_junk/gnome.mdl,1828,1828
models/props_junk/gnome.phy,6409,6409
models/props_junk/gnome.sw.vtx,26502,26502
models/props_junk/gnome.vvd,98432,98432
materials/apt/clouds.vmt,280,280
materials/apt/clouds.vtf,349760,349760
materials/apt/icicles_01.vmt,210,210
materials/apt/icicles_01.vtf,87616,87616
materials/apt/signature.vmt,127,127
materials/apt/signature.vtf,1398308,1398308
materials/apt/snow01.vtf,349760,349760
materials/apt/snowglass01.vmt,211,211
materials/apt/snowglass01.vtf,87616,87616
materials/apt/snowglass02a.vmt,136,136
materials/apt/snowglass02a.vtf,174944,174944
materials/apt/snowglass02b.vmt,136,136
materials/apt/snowglass02b.vtf,174944,174944
materials/apt/snowglass02c.vmt,136,136
materials/apt/snowglass02c.vtf,174944,174944
materials/apt/trace01.vmt,187,187
materials/apt/trace01.vtf,349760,349760
materials/apt/trace02.vmt,187,187
materials/apt/trace02.vtf,349760,349760
materials/apt/water01.vmt,277,277
materials/apt/water01.vtf,349760,349760
materials/decals/snow01.vmt,189,189
materials/decals/snow01.vtf,349744,349744
materials/models/props_junk/gnome.vmt,661,661
materials/models/props_junk/gnome.vtf,175016,175016
materials/models/props_junk/gnome_normal.vtf,349792,349792
scripts/soundscapes_manifest.txt,2391,2391
scripts/soundscapes_prison.txt,18366,18366
materials/overviews/aim_icenova.vmt,164,164
materials/overviews/aim_icenova.vtf,1398336,1398336
resource/overviews/aim_icenova.txt,132,132
materials/maps/aim_icenova/c-125_-96_123.hdr.vtf,76536,76536
materials/maps/aim_icenova/c100_-81_123.hdr.vtf,76536,76536
materials/maps/aim_icenova/c-323_-96_123.hdr.vtf,76536,76536
materials/maps/aim_icenova/c-524_-92_123.hdr.vtf,76536,76536
materials/maps/aim_icenova/c-734_-98_123.hdr.vtf,76536,76536
materials/maps/aim_icenova/c-806_-245_143.hdr.vtf,76536,76536
materials/maps/aim_icenova/c-808_-245_192.hdr.vtf,76536,76536
materials/maps/aim_icenova/c-769_-245_190.hdr.vtf,76536,76536
materials/maps/aim_icenova/c-720_-245_188.hdr.vtf,76536,76536
materials/maps/aim_icenova/c-680_-245_187.hdr.vtf,76536,76536
materials/maps/aim_icenova/c-680_-245_144.hdr.vtf,76536,76536
materials/maps/aim_icenova/c-681_-262_141.hdr.vtf,76536,76536
materials/maps/aim_icenova/c-677_-262_190.hdr.vtf,76536,76536
materials/maps/aim_icenova/c-716_-262_184.hdr.vtf,76536,76536
materials/maps/aim_icenova/c-764_-262_188.hdr.vtf,76536,76536
materials/maps/aim_icenova/c-808_-262_189.hdr.vtf,76536,76536
materials/maps/aim_icenova/c-805_-262_144.hdr.vtf,76536,76536
materials/maps/aim_icenova/c-746_-253_123.hdr.vtf,76536,76536
materials/maps/aim_icenova/c47_-245_143.hdr.vtf,76536,76536
materials/maps/aim_icenova/c45_-245_189.hdr.vtf,76536,76536
materials/maps/aim_icenova/c86_-245_191.hdr.vtf,76536,76536
materials/maps/aim_icenova/c133_-245_189.hdr.vtf,76536,76536
materials/maps/aim_icenova/c173_-245_188.hdr.vtf,76536,76536
materials/maps/aim_icenova/c175_-245_146.hdr.vtf,76536,76536
materials/maps/aim_icenova/c173_-262_148.hdr.vtf,76536,76536
materials/maps/aim_icenova/c174_-262_188.hdr.vtf,76536,76536
materials/maps/aim_icenova/c133_-262_183.hdr.vtf,76536,76536
materials/maps/aim_icenova/c88_-262_187.hdr.vtf,76536,76536
materials/maps/aim_icenova/c50_-262_187.hdr.vtf,76536,76536
materials/maps/aim_icenova/c51_-262_143.hdr.vtf,76536,76536
materials/maps/aim_icenova/c110_-254_123.hdr.vtf,76536,76536
materials/maps/aim_icenova/c-316_-252_123.hdr.vtf,76536,76536
materials/maps/aim_icenova/c112_-1011_123.hdr.vtf,76536,76536
materials/maps/aim_icenova/c100_-1166_123.hdr.vtf,76536,76536
materials/maps/aim_icenova/c-110_-1172_123.hdr.vtf,76536,76536
materials/maps/aim_icenova/c-311_-1168_123.hdr.vtf,76536,76536
materials/maps/aim_icenova/c-509_-1168_123.hdr.vtf,76536,76536
materials/maps/aim_icenova/c-734_-1183_123.hdr.vtf,76536,76536
materials/maps/aim_icenova/c-744_-1010_123.hdr.vtf,76536,76536
materials/maps/aim_icenova/c-318_-1012_123.hdr.vtf,76536,76536
materials/maps/aim_icenova/c-681_-1026_149.hdr.vtf,76536,76536
materials/maps/aim_icenova/c-681_-1026_186.hdr.vtf,76536,76536
materials/maps/aim_icenova/c-714_-1026_186.hdr.vtf,76536,76536
materials/maps/aim_icenova/c-759_-1026_186.hdr.vtf,76536,76536
materials/maps/aim_icenova/c-811_-1026_187.hdr.vtf,76536,76536
materials/maps/aim_icenova/c-804_-1026_140.hdr.vtf,76536,76536
materials/maps/aim_icenova/c-809_-1009_148.hdr.vtf,76536,76536
materials/maps/aim_icenova/c-805_-1009_188.hdr.vtf,76536,76536
materials/maps/aim_icenova/c-765_-1009_188.hdr.vtf,76536,76536
materials/maps/aim_icenova/c-715_-1009_189.hdr.vtf,76536,76536
materials/maps/aim_icenova/c-679_-1009_188.hdr.vtf,76536,76536
materials/maps/aim_icenova/c-678_-1009_150.hdr.vtf,76536,76536
materials/maps/aim_icenova/c-548_-704_187.hdr.vtf,76536,76536
materials/maps/aim_icenova/c-531_-707_187.hdr.vtf,76536,76536
materials/maps/aim_icenova/c-531_-616_185.hdr.vtf,76536,76536
materials/maps/aim_icenova/c-548_-612_188.hdr.vtf,76536,76536
materials/maps/aim_icenova/c-72_-703_184.hdr.vtf,76536,76536
materials/maps/aim_icenova/c-89_-701_190.hdr.vtf,76536,76536
materials/maps/aim_icenova/c-89_-570_188.hdr.vtf,76536,76536
materials/maps/aim_icenova/c-72_-571_188.hdr.vtf,76536,76536
materials/maps/aim_icenova/c-80_-636_119.hdr.vtf,76536,76536
materials/maps/aim_icenova/c-540_-636_119.hdr.vtf,76536,76536
materials/maps/aim_icenova/c-315_-461_119.hdr.vtf,76536,76536
materials/maps/aim_icenova/c-312_-798_119.hdr.vtf,76536,76536
materials/maps/aim_icenova/c86_-454_119.hdr.vtf,76536,76536
materials/maps/aim_icenova/c73_-841_119.hdr.vtf,76536,76536
materials/maps/aim_icenova/c79_-652_119.hdr.vtf,76536,76536
materials/maps/aim_icenova/c-691_-443_119.hdr.vtf,76536,76536
materials/maps/aim_icenova/c-698_-641_119.hdr.vtf,76536,76536
materials/maps/aim_icenova/c-704_-830_119.hdr.vtf,76536,76536
materials/maps/aim_icenova/c-675_-1355_123.hdr.vtf,76536,76536
materials/maps/aim_icenova/c-508_-1319_123.hdr.vtf,76536,76536
materials/maps/aim_icenova/c-310_-1319_123.hdr.vtf,76536,76536
materials/maps/aim_icenova/c-109_-1323_123.hdr.vtf,76536,76536
materials/maps/aim_icenova/c101_-1317_123.hdr.vtf,76536,76536
materials/maps/aim_icenova/c-1304_-1635_611.hdr.vtf,76536,76536
materials/maps/aim_icenova/c-1244_-1664_606.hdr.vtf,76536,76536
materials/maps/aim_icenova/c-1217_-1732_603.hdr.vtf,76536,76536
materials/maps/aim_icenova/c-190_-1323_123.hdr.vtf,76536,76536
materials/maps/aim_icenova/c-307_308_123.hdr.vtf,76536,76536
materials/maps/aim_icenova/c-323_64_123.hdr.vtf,76536,76536
materials/maps/aim_icenova/c-291_-243_189.hdr.vtf,76536,76536
materials/maps/aim_icenova/c-340_-243_189.hdr.vtf,76536,76536
materials/maps/aim_icenova/c-290_-260_190.hdr.vtf,76536,76536
materials/maps/aim_icenova/c-339_-260_190.hdr.vtf,76536,76536
materials/maps/aim_icenova/c-338_-1010_188.hdr.vtf,76536,76536
materials/maps/aim_icenova/c-289_-1010_190.hdr.vtf,76536,76536
materials/maps/aim_icenova/c-289_-1027_189.hdr.vtf,76536,76536
materials/maps/aim_icenova/c-337_-1027_190.hdr.vtf,76536,76536
materials/maps/aim_icenova/c-859_-1176_123.hdr.vtf,76536,76536
materials/maps/aim_icenova/c-584_-392_119.hdr.vtf,76536,76536
materials/maps/aim_icenova/cubemapdefault.vtf,9832,9832
maps/aim_icenova.txt,118,118
